open,high,low,close,volume,adjclose
4.75,4.75,4.099999904632568,4.349999904632568,21900,4.349999904632568
4.449999809265137,4.449999809265137,3.9000000953674316,4.260000228881836,81700,4.260000228881836
3.700000047683716,4.340000152587891,3.609999895095825,4.340000152587891,94400,4.340000152587891
4.349999904632568,4.440000057220459,3.799999952316284,4.0,29800,4.0
4.0,4.400000095367432,4.0,4.400000095367432,161500,4.400000095367432
4.389999866485596,4.389999866485596,4.0,4.230000019073486,138700,4.230000019073486
4.139999866485596,4.25,4.0,4.210000038146973,26100,4.210000038146973
4.210000038146973,4.210000038146973,4.03000020980835,4.099999904632568,105900,4.099999904632568
4.079999923706055,4.269999980926514,3.740000009536743,4.269999980926514,32500,4.269999980926514
4.0,4.289999961853027,3.9100000858306885,4.150000095367432,38300,4.150000095367432
3.9000000953674316,4.159999847412109,3.7699999809265137,4.130000114440918,14300,4.130000114440918
3.950000047683716,4.050000190734863,3.940000057220459,4.0,15200,4.0
4.21999979019165,4.260000228881836,3.950000047683716,4.25,94100,4.25
4.059999942779541,4.110000133514404,4.0,4.099999904632568,115000,4.099999904632568
3.993000030517578,4.065000057220459,3.950000047683716,4.0,12200,4.0
4.0,4.0,3.9000000953674316,3.984999895095825,16100,3.984999895095825
4.0,4.019999980926514,3.7799999713897705,4.0,33400,4.0
3.75,4.050000190734863,3.75,4.0,88200,4.0
3.859999895095825,4.03000020980835,3.859999895095825,3.9600000381469727,7600,3.9600000381469727
4.039999961853027,4.050000190734863,3.943000078201294,4.0,11800,4.0
3.9700000286102295,4.079999923706055,3.9100000858306885,4.045000076293945,8500,4.045000076293945
3.9200000762939453,4.079999923706055,3.9200000762939453,4.010000228881836,187400,4.010000228881836
4.03000020980835,4.110000133514404,3.930000066757202,4.059999942779541,44400,4.059999942779541
4.090000152587891,4.139999866485596,4.039999961853027,4.039999961853027,41200,4.039999961853027
4.099999904632568,4.099999904632568,4.010000228881836,4.099999904632568,28600,4.099999904632568
4.039999961853027,4.210000038146973,4.039999961853027,4.150000095367432,6700,4.150000095367432
3.9700000286102295,4.150000095367432,3.9700000286102295,4.150000095367432,18200,4.150000095367432
4.070000171661377,4.119999885559082,4.039999961853027,4.039999961853027,2500,4.039999961853027
4.03000020980835,4.150000095367432,4.03000020980835,4.070000171661377,6000,4.070000171661377
4.150000095367432,4.150000095367432,4.059999942779541,4.119999885559082,2500,4.119999885559082
4.179999828338623,4.25,4.110000133514404,4.239999771118164,34800,4.239999771118164
4.199999809265137,4.228000164031982,4.199999809265137,4.199999809265137,39200,4.199999809265137
4.204999923706055,4.300000190734863,4.199999809265137,4.269999980926514,27200,4.269999980926514
4.245999813079834,4.289999961853027,4.210000038146973,4.239999771118164,34100,4.239999771118164
4.210000038146973,4.289999961853027,4.199999809265137,4.239999771118164,79400,4.239999771118164
4.21999979019165,4.223999977111816,4.199999809265137,4.199999809265137,2800,4.199999809265137
4.210000038146973,4.28000020980835,4.199999809265137,4.199999809265137,6500,4.199999809265137
4.21999979019165,4.333000183105469,4.21999979019165,4.269999980926514,74300,4.269999980926514
4.25,4.400000095367432,4.25,4.309999942779541,18900,4.309999942779541
4.329999923706055,4.329999923706055,4.110000133514404,4.320000171661377,21100,4.320000171661377
4.309999942779541,4.309999942779541,4.210000038146973,4.260000228881836,7200,4.260000228881836
4.269999980926514,4.300000190734863,4.159999847412109,4.25,21100,4.25
4.179999828338623,4.25,4.179999828338623,4.199999809265137,4900,4.199999809265137
4.150000095367432,4.210000038146973,4.150000095367432,4.210000038146973,4900,4.210000038146973
4.25,4.300000190734863,4.170000076293945,4.300000190734863,11700,4.300000190734863
4.239999771118164,4.309999942779541,4.199999809265137,4.309999942779541,1900,4.309999942779541
4.300000190734863,4.300000190734863,4.059999942779541,4.21999979019165,3200,4.21999979019165
4.052000045776367,4.199999809265137,4.019999980926514,4.139999866485596,9500,4.139999866485596
4.139999866485596,4.139999866485596,4.139999866485596,4.139999866485596,100,4.139999866485596
4.0,4.309999942779541,4.0,4.179999828338623,7600,4.179999828338623
4.170000076293945,4.28000020980835,4.039999961853027,4.269999980926514,9800,4.269999980926514
4.059999942779541,4.28000020980835,4.0,4.28000020980835,6400,4.28000020980835
4.28000020980835,4.28000020980835,4.079999923706055,4.264999866485596,23300,4.264999866485596
4.269999980926514,4.269999980926514,4.170000076293945,4.239999771118164,8700,4.239999771118164
4.199999809265137,4.199999809265137,4.019999980926514,4.139999866485596,48800,4.139999866485596
4.25,4.269999980926514,4.070000171661377,4.110000133514404,22400,4.110000133514404
4.099999904632568,4.159999847412109,4.050000190734863,4.050000190734863,16400,4.050000190734863
4.070000171661377,4.090000152587891,4.0,4.079999923706055,5900,4.079999923706055
4.050000190734863,4.090000152587891,4.0,4.050000190734863,7500,4.050000190734863
4.090000152587891,4.260000228881836,3.9800000190734863,4.150000095367432,24700,4.150000095367432
4.170000076293945,4.25,4.059999942779541,4.25,19300,4.25
4.21999979019165,4.239999771118164,4.010000228881836,4.239999771118164,16900,4.239999771118164
4.25,4.300000190734863,4.110000133514404,4.300000190734863,17000,4.300000190734863
4.300000190734863,4.300000190734863,4.139999866485596,4.239999771118164,145400,4.239999771118164
4.190000057220459,4.349999904632568,4.190000057220459,4.340000152587891,123500,4.340000152587891
4.210000038146973,4.400000095367432,4.210000038146973,4.329999923706055,9900,4.329999923706055
4.320000171661377,4.380000114440918,4.010000228881836,4.380000114440918,21300,4.380000114440918
4.300000190734863,4.300000190734863,4.070000171661377,4.210000038146973,9100,4.210000038146973
4.210000038146973,4.309999942779541,3.799999952316284,4.24399995803833,13400,4.24399995803833
4.309999942779541,4.309999942779541,4.019999980926514,4.139999866485596,12200,4.139999866485596
4.03000020980835,4.179999828338623,3.9200000762939453,4.050000190734863,28200,4.050000190734863
4.239999771118164,4.239999771118164,3.880000114440918,4.039999961853027,2200,4.039999961853027
3.9000000953674316,4.28000020980835,3.880000114440918,4.25,15600,4.25
4.239999771118164,4.25,4.0,4.070000171661377,9000,4.070000171661377
4.239999771118164,4.289999961853027,4.119999885559082,4.289999961853027,22300,4.289999961853027
4.230000019073486,4.239999771118164,4.159999847412109,4.199999809265137,4400,4.199999809265137
4.184999942779541,4.184999942779541,4.184999942779541,4.184999942779541,100,4.184999942779541
4.070000171661377,4.199999809265137,4.070000171661377,4.199999809265137,5700,4.199999809265137
4.199999809265137,4.199999809265137,4.059999942779541,4.195000171661377,5900,4.195000171661377
4.171000003814697,4.190000057220459,4.059999942779541,4.099999904632568,5500,4.099999904632568
4.0879998207092285,4.139999866485596,3.880000114440918,4.130000114440918,5300,4.130000114440918
4.150000095367432,4.190000057220459,3.9200000762939453,4.190000057220459,8200,4.190000057220459
3.9100000858306885,4.190000057220459,3.809999942779541,4.179999828338623,2500,4.179999828338623
4.019999980926514,4.085000038146973,3.9200000762939453,4.03000020980835,3100,4.03000020980835
4.099999904632568,4.130000114440918,4.010000228881836,4.010000228881836,1600,4.010000228881836
4.0,4.025000095367432,3.930000066757202,4.025000095367432,13500,4.025000095367432
3.9800000190734863,4.039999961853027,3.9100000858306885,3.9800000190734863,4800,3.9800000190734863
4.0,4.050000190734863,4.0,4.0,2900,4.0
4.039999961853027,4.039999961853027,4.019999980926514,4.019999980926514,400,4.019999980926514
3.9649999141693115,3.9700000286102295,3.8910000324249268,3.9700000286102295,4700,3.9700000286102295
3.9700000286102295,4.090000152587891,3.9649999141693115,3.9649999141693115,2700,3.9649999141693115
3.930000066757202,3.950000047683716,3.9000000953674316,3.9100000858306885,6100,3.9100000858306885
4.03000020980835,4.03000020980835,3.890000104904175,3.890000104904175,1700,3.890000104904175
3.9200000762939453,3.930000066757202,3.890000104904175,3.890000104904175,2600,3.890000104904175
3.930000066757202,4.150000095367432,3.9200000762939453,4.150000095367432,17700,4.150000095367432
4.199999809265137,4.199999809265137,4.099999904632568,4.119999885559082,31300,4.119999885559082
4.150000095367432,4.179999828338623,4.110000133514404,4.179999828338623,3900,4.179999828338623
4.190000057220459,4.239999771118164,4.050000190734863,4.1579999923706055,130100,4.1579999923706055
4.159999847412109,4.210000038146973,4.130000114440918,4.159999847412109,36700,4.159999847412109
4.210000038146973,4.25,4.119999885559082,4.190000057220459,49400,4.190000057220459
4.170000076293945,4.199999809265137,4.117000102996826,4.199999809265137,8300,4.199999809265137
4.25,4.25,4.139999866485596,4.25,22900,4.25
4.190000057220459,4.199999809265137,4.079999923706055,4.130000114440918,75100,4.130000114440918
4.099999904632568,4.5,4.050000190734863,4.5,117300,4.5
4.489999771118164,4.570000171661377,4.320000171661377,4.550000190734863,38200,4.550000190734863
4.409999847412109,4.5,4.409999847412109,4.5,15200,4.5
4.5,4.650000095367432,4.400000095367432,4.650000095367432,11000,4.650000095367432
4.510000228881836,4.599999904632568,4.360000133514404,4.5,152300,4.5
4.505000114440918,4.610000133514404,4.389999866485596,4.550000190734863,71300,4.550000190734863
4.599999904632568,4.650000095367432,4.519999980926514,4.599999904632568,70600,4.599999904632568
4.619999885559082,4.650000095367432,4.452000141143799,4.510000228881836,85200,4.510000228881836
4.550000190734863,4.800000190734863,4.550000190734863,4.659999847412109,137700,4.659999847412109
4.679999828338623,4.880000114440918,4.610000133514404,4.78000020980835,138100,4.78000020980835
4.769999980926514,5.170000076293945,4.599999904632568,4.989999771118164,107200,4.989999771118164
4.960000038146973,5.099999904632568,4.949999809265137,5.0,65600,5.0
5.0,5.139999866485596,4.989999771118164,5.139999866485596,116500,5.139999866485596
5.099999904632568,5.679999828338623,5.079999923706055,5.550000190734863,169900,5.550000190734863
5.559999942779541,5.639999866485596,5.360000133514404,5.429999828338623,165700,5.429999828338623
5.46999979019165,5.46999979019165,5.099999904632568,5.360000133514404,147500,5.360000133514404
5.360000133514404,5.360000133514404,4.880000114440918,5.110000133514404,102500,5.110000133514404
5.130000114440918,5.139999866485596,4.880000114440918,5.0,105600,5.0
4.929999828338623,5.21999979019165,4.829999923706055,5.079999923706055,571900,5.079999923706055
5.019999980926514,5.099999904632568,4.53000020980835,4.730000019073486,86800,4.730000019073486
4.820000171661377,4.949999809265137,4.559999942779541,4.610000133514404,80600,4.610000133514404
4.570000171661377,4.860000133514404,4.570000171661377,4.829999923706055,112600,4.829999923706055
4.809999942779541,5.007999897003174,4.690000057220459,4.920000076293945,55700,4.920000076293945
4.929999828338623,5.343999862670898,4.929999828338623,5.019999980926514,176700,5.019999980926514
4.96999979019165,5.099999904632568,4.849999904632568,4.949999809265137,67000,4.949999809265137
4.880000114440918,5.090000152587891,4.880000114440918,5.039999961853027,55900,5.039999961853027
4.994999885559082,5.119999885559082,4.989999771118164,5.119999885559082,19200,5.119999885559082
5.119999885559082,5.119999885559082,4.989999771118164,5.039999961853027,46500,5.039999961853027
5.0,5.059999942779541,4.989999771118164,5.03000020980835,17800,5.03000020980835
5.0,5.150000095367432,5.0,5.119999885559082,283400,5.119999885559082
5.110000133514404,5.659999847412109,5.050000190734863,5.25,576800,5.25
5.159999847412109,5.435999870300293,5.159999847412109,5.340000152587891,70900,5.340000152587891
5.800000190734863,6.0,5.550000190734863,5.909999847412109,285000,5.909999847412109
5.989999771118164,6.110000133514404,5.849999904632568,6.079999923706055,76700,6.079999923706055
6.170000076293945,6.170000076293945,5.949999809265137,6.139999866485596,150600,6.139999866485596
6.210000038146973,6.420000076293945,6.130000114440918,6.329999923706055,181400,6.329999923706055
6.300000190734863,6.650000095367432,6.239999771118164,6.639999866485596,266400,6.639999866485596
6.639999866485596,6.929999828338623,6.550000190734863,6.619999885559082,380300,6.619999885559082
6.630000114440918,6.900000095367432,6.400000095367432,6.840000152587891,170500,6.840000152587891
6.800000190734863,7.03000020980835,6.800000190734863,7.0,106800,7.0
7.0,7.0,6.829999923706055,6.909999847412109,76600,6.909999847412109
7.0,7.190000057220459,6.880000114440918,7.190000057220459,203900,7.190000057220459
7.289999961853027,7.489999771118164,7.010000228881836,7.199999809265137,82700,7.199999809265137
7.230000019073486,7.5,7.159999847412109,7.5,77100,7.5
7.5,7.690000057220459,7.170000076293945,7.199999809265137,129700,7.199999809265137
7.300000190734863,7.400000095367432,6.929999828338623,7.0,95800,7.0
7.190000057220459,7.190000057220459,6.980000019073486,7.0,89000,7.0
6.949999809265137,7.085999965667725,6.75,6.909999847412109,159600,6.909999847412109
6.829999923706055,7.099999904632568,6.800000190734863,7.0,65300,7.0
7.0,7.059999942779541,6.869999885559082,7.050000190734863,66600,7.050000190734863
7.0,7.159999847412109,6.920000076293945,7.099999904632568,89400,7.099999904632568
7.099999904632568,7.119999885559082,7.010000228881836,7.090000152587891,64200,7.090000152587891
7.050000190734863,7.119999885559082,6.920000076293945,7.050000190734863,72500,7.050000190734863
7.099999904632568,7.190000057220459,6.986000061035156,7.059999942779541,95400,7.059999942779541
7.050000190734863,7.139999866485596,6.989999771118164,6.989999771118164,96200,6.989999771118164
7.010000228881836,7.199999809265137,7.0,7.090000152587891,66200,7.090000152587891
6.900000095367432,7.150000095367432,6.900000095367432,7.079999923706055,109000,7.079999923706055
7.019999980926514,7.210000038146973,6.900000095367432,7.119999885559082,178900,7.119999885559082
7.119999885559082,7.539999961853027,7.105000019073486,7.53000020980835,164800,7.53000020980835
7.53000020980835,7.980000019073486,7.489999771118164,7.869999885559082,428300,7.869999885559082
7.900000095367432,8.050000190734863,7.5,8.0,1101200,8.0
8.0,8.09000015258789,7.71999979019165,8.079999923706055,164800,8.079999923706055
8.069999694824219,8.34000015258789,7.989999771118164,8.260000228881836,397500,8.260000228881836
8.279999732971191,8.449999809265137,8.0600004196167,8.199999809265137,117000,8.199999809265137
8.25,8.260000228881836,7.989999771118164,8.15999984741211,111800,8.15999984741211
8.100000381469727,8.270000457763672,8.050000190734863,8.15999984741211,110300,8.15999984741211
8.239999771118164,8.760000228881836,8.180000305175781,8.729999542236328,151500,8.729999542236328
8.75,8.75,8.319999694824219,8.520000457763672,182400,8.520000457763672
8.550000190734863,8.550000190734863,8.239999771118164,8.3100004196167,86000,8.3100004196167
8.25,8.529999732971191,8.100000381469727,8.15999984741211,89900,8.15999984741211
8.100000381469727,8.550000190734863,8.0,8.369999885559082,168600,8.369999885559082
8.4399995803833,8.5,8.130000114440918,8.199999809265137,120400,8.199999809265137
8.229999542236328,8.515000343322754,8.229999542236328,8.489999771118164,80700,8.489999771118164
8.4399995803833,8.515000343322754,8.130000114440918,8.279999732971191,94800,8.279999732971191
8.220000267028809,8.33899974822998,8.170000076293945,8.25,94100,8.25
8.25,8.25,8.024999618530273,8.0600004196167,120700,8.0600004196167
8.09000015258789,8.09000015258789,7.630000114440918,7.730000019073486,134500,7.730000019073486
7.769999980926514,7.769999980926514,7.420000076293945,7.610000133514404,143600,7.610000133514404
7.610000133514404,8.069999694824219,7.510000228881836,7.900000095367432,64800,7.900000095367432
8.210000038146973,8.218000411987305,7.800000190734863,7.880000114440918,51900,7.880000114440918
7.840000152587891,8.069999694824219,7.71999979019165,7.920000076293945,85600,7.920000076293945
7.960000038146973,8.050000190734863,7.789999961853027,7.989999771118164,59200,7.989999771118164
7.980000019073486,7.989999771118164,7.760000228881836,7.829999923706055,101200,7.829999923706055
7.78000020980835,7.889999866485596,7.514999866485596,7.760000228881836,95700,7.760000228881836
7.900000095367432,7.920000076293945,7.630000114440918,7.789999961853027,117400,7.789999961853027
7.730000019073486,8.050000190734863,7.349999904632568,7.690000057220459,178700,7.690000057220459
7.75,7.75,7.349999904632568,7.519999980926514,189500,7.519999980926514
7.489999771118164,7.610000133514404,7.349999904632568,7.449999809265137,111000,7.449999809265137
7.699999809265137,8.0,7.440000057220459,7.960000038146973,193100,7.960000038146973
7.929999828338623,7.989999771118164,7.5,7.760000228881836,3563000,7.760000228881836
7.829999923706055,8.039999961853027,7.630000114440918,7.909999847412109,139900,7.909999847412109
7.920000076293945,7.920000076293945,7.400000095367432,7.820000171661377,147100,7.820000171661377
7.840000152587891,8.0,7.690000057220459,7.909999847412109,106000,7.909999847412109
7.960000038146973,8.0600004196167,7.559999942779541,7.829999923706055,158600,7.829999923706055
7.829999923706055,8.149999618530273,7.659999847412109,8.130000114440918,231900,8.130000114440918
8.25,8.25,7.800000190734863,8.050000190734863,193400,8.050000190734863
7.889999866485596,8.210000038146973,7.820000171661377,8.010000228881836,1219400,8.010000228881836
8.069999694824219,8.399999618530273,7.980000019073486,8.329999923706055,393200,8.329999923706055
8.350000381469727,8.989999771118164,8.350000381469727,8.949999809265137,272700,8.949999809265137
8.949999809265137,9.1899995803833,8.800000190734863,8.890000343322754,212200,8.890000343322754
8.84000015258789,9.25,8.75,9.180000305175781,169500,9.180000305175781
9.140000343322754,9.220000267028809,8.899999618530273,9.020000457763672,93700,9.020000457763672
9.09000015258789,9.199999809265137,8.930000305175781,9.020000457763672,72700,9.020000457763672
9.0600004196167,9.069999694824219,8.680000305175781,8.789999961853027,91300,8.789999961853027
8.880000114440918,8.880000114440918,8.529999732971191,8.770000457763672,95400,8.770000457763672
8.829999923706055,9.015000343322754,8.619999885559082,8.829999923706055,151600,8.829999923706055
8.84000015258789,9.25,8.800000190734863,8.979999542236328,72600,8.979999542236328
9.109999656677246,9.239999771118164,8.6899995803833,8.710000038146973,107900,8.710000038146973
8.640000343322754,8.819999694824219,8.5,8.779999732971191,85700,8.779999732971191
8.739999771118164,8.75,8.270000457763672,8.369999885559082,124100,8.369999885559082
8.369999885559082,8.979999542236328,7.929999828338623,8.270000457763672,119000,8.270000457763672
8.270000457763672,8.329999923706055,8.050000190734863,8.109999656677246,56800,8.109999656677246
8.0600004196167,8.359999656677246,8.020000457763672,8.289999961853027,77300,8.289999961853027
8.3100004196167,8.949999809265137,7.920000076293945,8.449999809265137,129300,8.449999809265137
8.420000076293945,8.550000190734863,8.359999656677246,8.40999984741211,115500,8.40999984741211
8.449999809265137,8.87399959564209,8.449999809265137,8.779999732971191,55300,8.779999732971191
8.859999656677246,8.899999618530273,8.630000114440918,8.760000228881836,146500,8.760000228881836
9.0,9.609999656677246,8.819999694824219,8.979999542236328,387200,8.979999542236328
8.930000305175781,9.260000228881836,8.930000305175781,9.149999618530273,178600,9.149999618530273
9.25,9.449999809265137,9.140000343322754,9.40999984741211,215000,9.40999984741211
9.390000343322754,9.470000267028809,8.989999771118164,9.279999732971191,133500,9.279999732971191
9.229999542236328,9.489999771118164,8.989999771118164,9.260000228881836,224500,9.260000228881836
9.300000190734863,9.430000305175781,9.0600004196167,9.350000381469727,65100,9.350000381469727
9.300000190734863,9.399999618530273,8.739999771118164,8.800000190734863,268300,8.800000190734863
8.819999694824219,10.043000221252441,8.819999694824219,9.789999961853027,323000,9.789999961853027
9.789999961853027,9.96500015258789,9.579999923706055,9.720000267028809,194400,9.720000267028809
9.6899995803833,9.770000457763672,9.555000305175781,9.699999809265137,126300,9.699999809265137
9.649999618530273,9.649999618530273,9.350000381469727,9.359999656677246,142300,9.359999656677246
9.1899995803833,9.720000267028809,9.1899995803833,9.600000381469727,162000,9.600000381469727
9.270000457763672,9.550000190734863,8.539999961853027,9.079999923706055,109400,9.079999923706055
9.359999656677246,9.359999656677246,8.899999618530273,9.09000015258789,91200,9.09000015258789
9.329999923706055,9.58899974822998,9.020000457763672,9.270000457763672,146300,9.270000457763672
9.319999694824219,9.729999542236328,9.119999885559082,9.5,135600,9.5
9.520000457763672,9.84000015258789,9.449999809265137,9.699999809265137,219000,9.699999809265137
9.109999656677246,9.729999542236328,9.109999656677246,9.420000076293945,167700,9.420000076293945
9.270000457763672,9.569999694824219,9.270000457763672,9.300000190734863,231100,9.300000190734863
9.399999618530273,9.529999732971191,9.3100004196167,9.369999885559082,142000,9.369999885559082
9.380000114440918,9.529999732971191,9.329999923706055,9.390000343322754,77600,9.390000343322754
9.270000457763672,9.425999641418457,9.152999877929688,9.210000038146973,45700,9.210000038146973
9.369999885559082,9.510000228881836,9.265000343322754,9.350000381469727,118400,9.350000381469727
9.470000267028809,9.532999992370605,9.0,9.0600004196167,201600,9.0600004196167
9.100000381469727,9.279999732971191,9.010000228881836,9.15999984741211,59800,9.15999984741211
9.119999885559082,9.3149995803833,9.0,9.25,115500,9.25
9.300000190734863,9.319999694824219,9.039999961853027,9.149999618530273,44400,9.149999618530273
9.229999542236328,9.319999694824219,9.144000053405762,9.289999961853027,59300,9.289999961853027
9.319999694824219,9.550000190734863,9.300000190734863,9.380000114440918,95400,9.380000114440918
9.4399995803833,9.890000343322754,9.390000343322754,9.770000457763672,455400,9.770000457763672
9.59000015258789,9.6899995803833,9.170000076293945,9.279999732971191,243800,9.279999732971191
9.350000381469727,9.65999984741211,9.289999961853027,9.5,84500,9.5
9.520000457763672,9.520000457763672,9.180000305175781,9.229999542236328,86900,9.229999542236328
9.289999961853027,9.395000457763672,9.140999794006348,9.220000267028809,78300,9.220000267028809
9.1899995803833,9.449999809265137,9.140000343322754,9.300000190734863,95500,9.300000190734863
9.430000305175781,9.449999809265137,8.869999885559082,9.050000190734863,193100,9.050000190734863
9.0,9.109999656677246,8.6899995803833,8.795000076293945,134600,8.795000076293945
8.800000190734863,9.149999618530273,8.800000190734863,9.020000457763672,136500,9.020000457763672
9.130000114440918,9.260000228881836,8.829999923706055,9.020000457763672,182300,9.020000457763672
9.079999923706055,9.239999771118164,8.930000305175781,9.0600004196167,95100,9.0600004196167
9.020000457763672,9.329999923706055,8.9399995803833,9.25,100600,9.25
9.25,9.329999923706055,8.979999542236328,9.0,164600,9.0
9.029999732971191,9.329999923706055,9.0,9.0600004196167,88700,9.0600004196167
9.09000015258789,9.300000190734863,8.996999740600586,9.260000228881836,145200,9.260000228881836
9.260000228881836,9.3100004196167,9.109999656677246,9.170000076293945,101700,9.170000076293945
9.239999771118164,9.489999771118164,9.140000343322754,9.1899995803833,153400,9.1899995803833
9.220000267028809,9.399999618530273,9.100000381469727,9.289999961853027,81200,9.289999961853027
9.289999961853027,9.369999885559082,9.180000305175781,9.289999961853027,247100,9.289999961853027
9.260000228881836,9.5,9.260000228881836,9.390000343322754,169600,9.390000343322754
9.449999809265137,9.489999771118164,9.289999961853027,9.40999984741211,199100,9.40999984741211
9.4399995803833,9.479999542236328,9.300000190734863,9.40999984741211,97900,9.40999984741211
9.399999618530273,9.472999572753906,9.029999732971191,9.079999923706055,111000,9.079999923706055
9.029999732971191,9.149999618530273,8.824999809265137,8.880000114440918,67300,8.880000114440918
8.9399995803833,9.0,8.529999732971191,8.739999771118164,102500,8.739999771118164
8.819999694824219,9.119999885559082,8.729999542236328,9.09000015258789,77700,9.09000015258789
9.199999809265137,9.5,9.170000076293945,9.399999618530273,266600,9.399999618530273
9.359999656677246,9.59000015258789,9.149999618530273,9.220000267028809,255000,9.220000267028809
8.890000343322754,9.25,8.489999771118164,9.130000114440918,346700,9.130000114440918
9.140000343322754,9.489999771118164,9.085000038146973,9.489999771118164,138400,9.489999771118164
9.600000381469727,10.319999694824219,9.550000190734863,9.819999694824219,379300,9.819999694824219
9.90999984741211,10.050000190734863,9.609999656677246,9.899999618530273,212700,9.899999618530273
10.0,10.210000038146973,9.899999618530273,10.029999732971191,199300,10.029999732971191
10.0,10.100000381469727,9.869999885559082,10.0,169900,10.0
10.010000228881836,10.199999809265137,9.970000267028809,10.050000190734863,200800,10.050000190734863
10.0,10.130000114440918,9.4399995803833,9.829999923706055,123700,9.829999923706055
9.770000457763672,10.020000457763672,9.670000076293945,9.890000343322754,102900,9.890000343322754
9.890000343322754,9.920000076293945,9.5,9.630000114440918,108500,9.630000114440918
9.630000114440918,9.930000305175781,9.3149995803833,9.729999542236328,97700,9.729999542236328
9.770000457763672,9.84000015258789,9.579999923706055,9.619999885559082,91500,9.619999885559082
9.550000190734863,9.770000457763672,9.079999923706055,9.210000038146973,88100,9.210000038146973
9.15999984741211,9.359999656677246,9.020000457763672,9.140000343322754,86100,9.140000343322754
9.119999885559082,9.170000076293945,8.800000190734863,8.869999885559082,117100,8.869999885559082
8.850000381469727,8.989999771118164,8.640000343322754,8.710000038146973,82700,8.710000038146973
8.75,8.960000038146973,8.699999809265137,8.9399995803833,92300,8.9399995803833
8.979999542236328,9.430000305175781,8.579999923706055,8.710000038146973,67400,8.710000038146973
8.770000457763672,8.899999618530273,8.470000267028809,8.819999694824219,179900,8.819999694824219
8.770000457763672,9.024999618530273,8.609999656677246,8.829999923706055,61200,8.829999923706055
8.970000267028809,9.430000305175781,8.90999984741211,9.239999771118164,131600,9.239999771118164
9.399999618530273,9.40999984741211,9.210000038146973,9.260000228881836,53900,9.260000228881836
9.289999961853027,9.84000015258789,8.90999984741211,9.789999961853027,73700,9.789999961853027
9.920000076293945,9.920000076293945,9.510000228881836,9.6899995803833,86400,9.6899995803833
9.729999542236328,9.829999923706055,9.505000114440918,9.75,85700,9.75
9.75,9.90999984741211,9.34000015258789,9.479999542236328,571400,9.479999542236328
9.479999542236328,9.869999885559082,9.017999649047852,9.739999771118164,125700,9.739999771118164
9.729999542236328,10.4399995803833,9.520000457763672,10.390000343322754,491700,10.390000343322754
10.279999732971191,10.710000038146973,10.119999885559082,10.229999542236328,198400,10.229999542236328
10.210000038146973,10.489999771118164,10.0600004196167,10.289999961853027,111500,10.289999961853027
10.270000457763672,10.427000045776367,9.8100004196167,10.229999542236328,101100,10.229999542236328
10.119999885559082,10.289999961853027,9.819999694824219,10.149999618530273,83100,10.149999618530273
10.029999732971191,10.430000305175781,9.819999694824219,10.0,116900,10.0
9.979999542236328,10.029999732971191,9.579999923706055,9.65999984741211,97300,9.65999984741211
9.699999809265137,9.859999656677246,9.510000228881836,9.619999885559082,72900,9.619999885559082
9.720000267028809,9.9399995803833,9.550000190734863,9.880000114440918,95500,9.880000114440918
10.0,10.680000305175781,9.9399995803833,10.569999694824219,202500,10.569999694824219
10.609999656677246,10.809000015258789,10.149999618530273,10.3100004196167,180400,10.3100004196167
10.359999656677246,10.699999809265137,9.789999961853027,10.100000381469727,495700,10.100000381469727
10.119999885559082,10.25,9.989999771118164,10.170000076293945,60200,10.170000076293945
10.25,10.449999809265137,10.140000343322754,10.359999656677246,83500,10.359999656677246
10.470000267028809,11.420000076293945,10.470000267028809,11.1899995803833,309600,11.1899995803833
11.1899995803833,11.329999923706055,10.869999885559082,11.229999542236328,200300,11.229999542236328
11.149999618530273,11.609999656677246,11.100000381469727,11.399999618530273,194800,11.399999618530273
11.350000381469727,11.404000282287598,10.930000305175781,11.100000381469727,142500,11.100000381469727
11.0600004196167,11.199999809265137,10.779999732971191,11.0,332700,11.0
10.850000381469727,10.90999984741211,10.369999885559082,10.59000015258789,216500,10.59000015258789
10.630000114440918,11.1899995803833,10.350000381469727,11.09000015258789,161000,11.09000015258789
10.949999809265137,11.25,10.84000015258789,11.100000381469727,108900,11.100000381469727
10.829999923706055,10.850000381469727,10.510000228881836,10.649999618530273,201800,10.649999618530273
10.6899995803833,11.029999732971191,10.609999656677246,10.65999984741211,277000,10.65999984741211
10.609999656677246,10.949999809265137,10.609999656677246,10.65999984741211,250100,10.65999984741211
10.779999732971191,10.819999694824219,10.260000228881836,10.539999961853027,290900,10.539999961853027
10.5600004196167,10.890000343322754,10.350000381469727,10.539999961853027,283600,10.539999961853027
10.649999618530273,10.649999618530273,10.1899995803833,10.380000114440918,192400,10.380000114440918
10.140000343322754,10.479999542236328,10.100000381469727,10.34000015258789,215100,10.34000015258789
10.449999809265137,10.6899995803833,10.050000190734863,10.5600004196167,168000,10.5600004196167
10.420000076293945,10.680000305175781,9.8100004196167,10.550000190734863,253800,10.550000190734863
10.430000305175781,10.800000190734863,9.600000381469727,10.649999618530273,223800,10.649999618530273
10.880000114440918,10.880000114440918,10.529999732971191,10.770000457763672,152900,10.770000457763672
10.5600004196167,10.848999977111816,10.5600004196167,10.640000343322754,121200,10.640000343322754
10.649999618530273,10.979999542236328,10.260000228881836,10.59000015258789,350500,10.59000015258789
10.569999694824219,10.6899995803833,10.425000190734863,10.479999542236328,105100,10.479999542236328
10.529999732971191,10.760000228881836,10.239999771118164,10.329999923706055,205200,10.329999923706055
10.319999694824219,10.550000190734863,10.1899995803833,10.319999694824219,225600,10.319999694824219
10.300000190734863,10.670000076293945,10.130000114440918,10.329999923706055,426700,10.329999923706055
10.25,10.479999542236328,10.079999923706055,10.329999923706055,245400,10.329999923706055
10.369999885559082,10.399999618530273,9.8100004196167,10.050000190734863,192000,10.050000190734863
10.039999961853027,10.140000343322754,9.859999656677246,9.949999809265137,115200,9.949999809265137
9.920000076293945,10.229999542236328,9.479999542236328,9.520000457763672,208400,9.520000457763672
9.390000343322754,9.510000228881836,8.9399995803833,9.460000038146973,219000,9.460000038146973
9.350000381469727,9.670000076293945,9.09000015258789,9.170000076293945,167300,9.170000076293945
9.25,9.5,9.220000267028809,9.25,125900,9.25
9.09000015258789,9.380000114440918,9.039999961853027,9.180000305175781,109800,9.180000305175781
9.369999885559082,9.449999809265137,9.140000343322754,9.229999542236328,125700,9.229999542236328
9.359999656677246,9.5,9.170000076293945,9.399999618530273,103600,9.399999618530273
9.420000076293945,9.729999542236328,9.350000381469727,9.649999618530273,140300,9.649999618530273
9.59000015258789,10.96500015258789,9.399999618530273,9.600000381469727,90100,9.600000381469727
9.579999923706055,10.020000457763672,9.470000267028809,9.569999694824219,62900,9.569999694824219
9.5600004196167,9.994999885559082,9.5600004196167,9.75,93300,9.75
9.670000076293945,9.869999885559082,9.489999771118164,9.529999732971191,80400,9.529999732971191
9.40999984741211,9.710000038146973,9.010000228881836,9.6899995803833,69100,9.6899995803833
9.6899995803833,10.225000381469727,9.288000106811523,9.869999885559082,64800,9.869999885559082
9.859999656677246,10.130000114440918,9.550000190734863,9.920000076293945,85800,9.920000076293945
9.890000343322754,10.25,9.890000343322754,10.010000228881836,209500,10.010000228881836
10.0600004196167,10.25,9.5,10.210000038146973,2118900,10.210000038146973
10.270000457763672,10.8100004196167,10.229999542236328,10.5,636600,10.5
10.600000381469727,10.65999984741211,10.289999961853027,10.5,197600,10.5
10.470000267028809,10.979999542236328,10.3100004196167,10.510000228881836,439900,10.510000228881836
10.5600004196167,11.0,10.489999771118164,10.600000381469727,300900,10.600000381469727
10.5,10.600000381469727,10.463000297546387,10.5,119300,10.5
10.59000015258789,10.9399995803833,10.430000305175781,10.770000457763672,102000,10.770000457763672
10.789999961853027,11.100000381469727,10.670000076293945,11.029999732971191,168800,11.029999732971191
11.0600004196167,11.149999618530273,10.720000267028809,10.859999656677246,369200,10.859999656677246
10.970000267028809,11.09000015258789,10.789999961853027,10.800000190734863,421400,10.800000190734863
10.84000015258789,10.989999771118164,10.420000076293945,10.800000190734863,314000,10.800000190734863
10.8100004196167,11.539999961853027,10.8100004196167,11.010000228881836,799600,11.010000228881836
11.029999732971191,11.270000457763672,10.9399995803833,11.0,385200,11.0
11.119999885559082,11.390000343322754,10.84000015258789,10.979999542236328,534300,10.979999542236328
11.0,11.25,10.899999618530273,10.949999809265137,305000,10.949999809265137
10.899999618530273,11.020000457763672,10.8100004196167,10.84000015258789,186000,10.84000015258789
10.850000381469727,10.930000305175781,10.571999549865723,10.869999885559082,193700,10.869999885559082
10.789999961853027,11.109999656677246,10.739999771118164,10.880000114440918,142300,10.880000114440918
10.869999885559082,11.199999809265137,10.779999732971191,11.010000228881836,160200,11.010000228881836
10.949999809265137,11.579999923706055,10.949999809265137,11.539999961853027,203100,11.539999961853027
11.600000381469727,11.649999618530273,11.390000343322754,11.600000381469727,151500,11.600000381469727
11.569999694824219,11.600000381469727,11.420000076293945,11.4399995803833,125300,11.4399995803833
11.40999984741211,11.479999542236328,11.119999885559082,11.15999984741211,176800,11.15999984741211
11.130000114440918,11.520000457763672,11.050000190734863,11.479999542236328,307600,11.479999542236328
11.390000343322754,11.770000457763672,11.34000015258789,11.699999809265137,181400,11.699999809265137
11.649999618530273,11.90999984741211,11.640000343322754,11.850000381469727,171900,11.850000381469727
11.890000343322754,12.02299976348877,11.609999656677246,11.84000015258789,258500,11.84000015258789
11.899999618530273,12.25,11.789999961853027,12.229999542236328,222900,12.229999542236328
12.210000038146973,12.515000343322754,12.109999656677246,12.5,349400,12.5
12.489999771118164,12.770000457763672,12.140999794006348,12.619999885559082,330200,12.619999885559082
12.739999771118164,13.210000038146973,12.369999885559082,12.670000076293945,338700,12.670000076293945
12.6899995803833,12.795000076293945,12.420000076293945,12.5,197800,12.5
12.470000267028809,12.779999732971191,12.470000267028809,12.720000267028809,244200,12.720000267028809
12.800000190734863,13.029999732971191,12.729999542236328,12.829999923706055,335100,12.829999923706055
12.899999618530273,13.050000190734863,12.819999694824219,12.949999809265137,341800,12.949999809265137
13.0,13.100000381469727,12.581000328063965,12.649999618530273,174000,12.649999618530273
12.59000015258789,12.682000160217285,12.329999923706055,12.539999961853027,327300,12.539999961853027
12.520000457763672,12.649999618530273,12.449999809265137,12.630000114440918,276700,12.630000114440918
12.670000076293945,12.680000305175781,12.4399995803833,12.609999656677246,219400,12.609999656677246
12.609999656677246,12.869999885559082,12.520000457763672,12.859999656677246,198900,12.859999656677246
12.850000381469727,12.989999771118164,12.550000190734863,12.779999732971191,149700,12.779999732971191
12.84000015258789,13.300000190734863,12.789999961853027,13.25,382000,13.25
13.279999732971191,13.303000450134277,12.970000267028809,13.109999656677246,241400,13.109999656677246
13.149999618530273,13.399999618530273,13.079999923706055,13.359999656677246,157500,13.359999656677246
13.34000015258789,13.430000305175781,12.887999534606934,13.210000038146973,223400,13.210000038146973
13.119999885559082,13.3100004196167,12.8100004196167,12.899999618530273,229400,12.899999618530273
12.960000038146973,13.314000129699707,12.800000190734863,13.149999618530273,249500,13.149999618530273
12.550000190734863,13.510000228881836,12.510000228881836,13.430000305175781,348900,13.430000305175781
13.529999732971191,13.699999809265137,13.079999923706055,13.600000381469727,265700,13.600000381469727
13.600000381469727,13.970000267028809,13.5,13.960000038146973,338600,13.960000038146973
13.989999771118164,14.0,13.75,13.819999694824219,328200,13.819999694824219
13.899999618530273,14.135000228881836,13.399999618530273,13.789999961853027,218500,13.789999961853027
13.770000457763672,13.949999809265137,13.359999656677246,13.600000381469727,259700,13.600000381469727
13.579999923706055,13.949999809265137,13.541999816894531,13.869999885559082,172000,13.869999885559082
13.869999885559082,13.930000305175781,13.1899995803833,13.369999885559082,200200,13.369999885559082
13.359999656677246,14.0,13.175000190734863,13.890000343322754,245000,13.890000343322754
13.800000190734863,13.989999771118164,13.489999771118164,13.739999771118164,114400,13.739999771118164
13.829999923706055,14.039999961853027,13.510000228881836,13.65999984741211,127200,13.65999984741211
13.649999618530273,13.680000305175781,13.279999732971191,13.319999694824219,224300,13.319999694824219
13.460000038146973,14.029999732971191,13.359999656677246,13.84000015258789,355500,13.84000015258789
13.880000114440918,14.220000267028809,13.819999694824219,13.949999809265137,173300,13.949999809265137
13.930000305175781,14.220000267028809,13.869999885559082,14.09000015258789,130000,14.09000015258789
14.130000114440918,14.399999618530273,14.130000114440918,14.399999618530273,115800,14.399999618530273
14.510000228881836,15.0,14.406000137329102,14.899999618530273,615700,14.899999618530273
14.779999732971191,14.979999542236328,14.520000457763672,14.800000190734863,1070600,14.800000190734863
14.84000015258789,15.3100004196167,14.770000457763672,14.819999694824219,371000,14.819999694824219
14.90999984741211,14.90999984741211,14.680000305175781,14.850000381469727,255700,14.850000381469727
14.930000305175781,14.930000305175781,14.720000267028809,14.869999885559082,154500,14.869999885559082
14.930000305175781,15.369999885559082,14.869999885559082,15.239999771118164,331900,15.239999771118164
15.3100004196167,15.359999656677246,15.140000343322754,15.220000267028809,153400,15.220000267028809
15.229999542236328,15.289999961853027,15.100000381469727,15.270000457763672,160800,15.270000457763672
15.130000114440918,15.270000457763672,14.864999771118164,15.119999885559082,177100,15.119999885559082
15.109999656677246,15.25,14.869999885559082,14.979999542236328,225400,14.979999542236328
14.899999618530273,15.13700008392334,14.34000015258789,14.800000190734863,310200,14.800000190734863
14.899999618530273,14.90999984741211,14.729999542236328,14.75,171900,14.75
14.8100004196167,14.880000114440918,14.489999771118164,14.609999656677246,411800,14.609999656677246
14.539999961853027,14.869999885559082,14.270000457763672,14.369999885559082,494900,14.369999885559082
14.489999771118164,15.09000015258789,14.4399995803833,14.930000305175781,199900,14.930000305175781
14.960000038146973,14.970000267028809,14.59000015258789,14.789999961853027,154600,14.789999961853027
14.75,14.899999618530273,14.6899995803833,14.699999809265137,106300,14.699999809265137
14.829999923706055,14.920000076293945,14.5600004196167,14.720000267028809,149300,14.720000267028809
13.930000305175781,14.670000076293945,13.449999809265137,14.539999961853027,753800,14.539999961853027
14.329999923706055,14.5600004196167,13.920000076293945,14.09000015258789,262100,14.09000015258789
14.130000114440918,14.343999862670898,14.0,14.3100004196167,182800,14.3100004196167
14.4399995803833,14.760000228881836,14.4399995803833,14.739999771118164,146300,14.739999771118164
14.819999694824219,15.229999542236328,14.779999732971191,15.194999694824219,314000,15.194999694824219
15.199999809265137,15.4399995803833,15.039999961853027,15.319999694824219,219600,15.319999694824219
15.319999694824219,15.600000381469727,14.824000358581543,14.970000267028809,134300,14.970000267028809
14.859999656677246,15.100000381469727,14.829999923706055,14.970000267028809,92500,14.970000267028809
15.020000457763672,15.119999885559082,14.70300006866455,14.859999656677246,131000,14.859999656677246
15.010000228881836,15.170000076293945,14.850000381469727,15.09000015258789,93100,15.09000015258789
15.109999656677246,15.359999656677246,14.982999801635742,15.220000267028809,161900,15.220000267028809
15.289999961853027,15.329999923706055,15.039999961853027,15.15999984741211,154700,15.15999984741211
15.239999771118164,15.239999771118164,14.989999771118164,15.09000015258789,104800,15.09000015258789
15.199999809265137,15.199999809265137,14.850000381469727,14.859999656677246,139100,14.859999656677246
14.930000305175781,14.9399995803833,14.699999809265137,14.8100004196167,118000,14.8100004196167
14.75,14.890000343322754,14.625,14.65999984741211,187900,14.65999984741211
14.670000076293945,14.850000381469727,14.619999885559082,14.779999732971191,72300,14.779999732971191
14.770000457763672,14.819999694824219,14.3100004196167,14.539999961853027,231200,14.539999961853027
14.489999771118164,14.640000343322754,14.279999732971191,14.40999984741211,92700,14.40999984741211
14.369999885559082,14.600000381469727,14.319999694824219,14.529999732971191,65100,14.529999732971191
14.539999961853027,14.59000015258789,14.369999885559082,14.510000228881836,120200,14.510000228881836
14.5,14.789999961853027,14.460000038146973,14.529999732971191,95800,14.529999732971191
14.520000457763672,14.600000381469727,14.390000343322754,14.539999961853027,89200,14.539999961853027
14.569999694824219,14.59000015258789,14.40999984741211,14.460000038146973,89600,14.460000038146973
14.5,14.600000381469727,14.420000076293945,14.449999809265137,154500,14.449999809265137
14.460000038146973,14.460000038146973,14.09000015258789,14.390000343322754,200200,14.390000343322754
14.390000343322754,14.59000015258789,14.25,14.470000267028809,192700,14.470000267028809
14.479999542236328,14.5,14.270000457763672,14.369999885559082,124600,14.369999885559082
14.350000381469727,14.6899995803833,14.350000381469727,14.479999542236328,212700,14.479999542236328
14.40999984741211,14.5600004196167,13.34000015258789,13.8100004196167,855600,13.8100004196167
14.5,15.0,14.0,14.319999694824219,345400,14.319999694824219
14.399999618530273,14.5,14.25,14.399999618530273,166800,14.399999618530273
14.489999771118164,14.5,14.239999771118164,14.319999694824219,155100,14.319999694824219
14.359999656677246,14.4399995803833,13.9399995803833,13.970000267028809,243100,13.970000267028809
13.979999542236328,14.09000015258789,13.5600004196167,13.789999961853027,253100,13.789999961853027
13.989999771118164,14.199999809265137,13.949999809265137,13.970000267028809,151200,13.970000267028809
13.989999771118164,14.0,13.699999809265137,13.890000343322754,121000,13.890000343322754
13.890000343322754,13.90999984741211,13.59000015258789,13.59000015258789,234600,13.59000015258789
13.630000114440918,14.0,13.520000457763672,14.0,302100,14.0
14.199999809265137,14.399999618530273,13.960000038146973,14.289999961853027,275500,14.289999961853027
14.289999961853027,14.600000381469727,14.220000267028809,14.350000381469727,176000,14.350000381469727
14.470000267028809,14.680000305175781,14.279999732971191,14.380000114440918,74600,14.380000114440918
14.34000015258789,14.390000343322754,14.229999542236328,14.289999961853027,74700,14.289999961853027
14.25,14.380000114440918,14.050000190734863,14.130000114440918,174700,14.130000114440918
13.859999656677246,14.15999984741211,13.8100004196167,14.100000381469727,207200,14.100000381469727
14.170000076293945,14.289999961853027,13.675000190734863,13.970000267028809,277200,13.970000267028809
13.989999771118164,14.180000305175781,13.729999542236328,14.0,512000,14.0
14.010000228881836,14.09000015258789,13.800000190734863,13.960000038146973,300400,13.960000038146973
13.930000305175781,14.187999725341797,13.789999961853027,14.109999656677246,208800,14.109999656677246
14.149999618530273,14.1899995803833,13.899999618530273,14.170000076293945,220200,14.170000076293945
14.260000228881836,14.40999984741211,14.050000190734863,14.199999809265137,157000,14.199999809265137
14.25,14.539999961853027,14.220000267028809,14.510000228881836,175200,14.510000228881836
14.510000228881836,14.600000381469727,14.300000190734863,14.380000114440918,137300,14.380000114440918
14.3100004196167,14.380000114440918,13.989999771118164,14.010000228881836,202500,14.010000228881836
13.899999618530273,14.109999656677246,13.899999618530273,14.09000015258789,203700,14.09000015258789
14.050000190734863,14.109999656677246,13.899999618530273,13.949999809265137,175100,13.949999809265137
13.949999809265137,14.130000114440918,13.880000114440918,13.989999771118164,73100,13.989999771118164
14.029999732971191,14.359999656677246,13.904000282287598,14.34000015258789,86200,14.34000015258789
14.359999656677246,14.430000305175781,14.100000381469727,14.25,265700,14.25
14.420000076293945,14.670000076293945,13.739999771118164,13.84000015258789,4134600,13.84000015258789
13.899999618530273,14.449999809265137,13.3100004196167,13.609999656677246,1628900,13.609999656677246
13.6899995803833,14.5,13.520000457763672,14.039999961853027,784200,14.039999961853027
14.149999618530273,14.65999984741211,13.979999542236328,14.619999885559082,723100,14.619999885559082
14.5600004196167,14.729999542236328,14.329999923706055,14.65999984741211,528000,14.65999984741211
14.65999984741211,15.199999809265137,14.539999961853027,14.890000343322754,527000,14.890000343322754
14.850000381469727,14.9399995803833,14.430000305175781,14.520000457763672,286900,14.520000457763672
14.520000457763672,14.723999977111816,14.1899995803833,14.34000015258789,469400,14.34000015258789
14.270000457763672,14.369999885559082,14.09000015258789,14.210000038146973,351400,14.210000038146973
14.1899995803833,14.470000267028809,13.949999809265137,14.0600004196167,765400,14.0600004196167
14.039999961853027,14.289999961853027,14.020000457763672,14.130000114440918,282500,14.130000114440918
14.130000114440918,14.371999740600586,14.069999694824219,14.170000076293945,439100,14.170000076293945
14.199999809265137,14.239999771118164,13.720000267028809,13.979999542236328,565700,13.979999542236328
13.949999809265137,14.25,13.779999732971191,14.180000305175781,429200,14.180000305175781
14.239999771118164,14.239999771118164,13.920000076293945,14.09000015258789,233300,14.09000015258789
14.050000190734863,14.350000381469727,14.050000190734863,14.300000190734863,370100,14.300000190734863
14.25,14.25,13.800000190734863,13.899999618530273,331700,13.899999618530273
13.949999809265137,14.050000190734863,13.774999618530273,13.850000381469727,250400,13.850000381469727
13.75,13.75,13.25,13.399999618530273,391800,13.399999618530273
13.350000381469727,13.550000190734863,12.86400032043457,13.149999618530273,370400,13.149999618530273
13.0,13.199999809265137,12.899999618530273,12.949999809265137,189900,12.949999809265137
13.050000190734863,13.100000381469727,12.75,12.800000190734863,299900,12.800000190734863
12.899999618530273,13.050000190734863,12.449999809265137,12.800000190734863,255400,12.800000190734863
12.75,12.850000381469727,12.550000190734863,12.699999809265137,306300,12.699999809265137
12.550000190734863,12.649999618530273,12.350000381469727,12.550000190734863,240200,12.550000190734863
12.5,12.800000190734863,12.350000381469727,12.550000190734863,113800,12.550000190734863
12.649999618530273,12.800000190734863,12.050000190734863,12.100000381469727,131700,12.100000381469727
12.050000190734863,12.149999618530273,11.850000381469727,12.0,301500,12.0
12.050000190734863,12.125,11.850000381469727,12.100000381469727,266400,12.100000381469727
12.0,12.350000381469727,12.0,12.100000381469727,210200,12.100000381469727
12.100000381469727,12.350000381469727,11.899999618530273,12.100000381469727,348400,12.100000381469727
12.050000190734863,12.300000190734863,11.699999809265137,11.800000190734863,284100,11.800000190734863
11.800000190734863,11.949999809265137,11.399999618530273,11.449999809265137,407700,11.449999809265137
11.5,11.600000381469727,10.949999809265137,11.050000190734863,598800,11.050000190734863
10.800000190734863,11.625,10.699999809265137,10.800000190734863,671300,10.800000190734863
10.949999809265137,11.199999809265137,10.75,10.800000190734863,367600,10.800000190734863
10.850000381469727,11.350000381469727,10.649999618530273,11.300000190734863,425100,11.300000190734863
11.149999618530273,11.850000381469727,11.100000381469727,11.649999618530273,334600,11.649999618530273
11.800000190734863,12.25,11.75,11.949999809265137,547300,11.949999809265137
11.949999809265137,12.699999809265137,11.800000190734863,12.600000381469727,559400,12.600000381469727
12.699999809265137,13.012999534606934,12.300000190734863,12.850000381469727,682700,12.850000381469727
12.800000190734863,13.100000381469727,12.600000381469727,13.0,497500,13.0
13.0,13.25,12.850000381469727,13.149999618530273,251700,13.149999618530273
13.25,13.899999618530273,13.149999618530273,13.850000381469727,518500,13.850000381469727
13.949999809265137,14.0,13.5,13.550000190734863,351100,13.550000190734863
13.550000190734863,13.800000190734863,13.25,13.350000381469727,336700,13.350000381469727
13.399999618530273,13.75,13.300000190734863,13.399999618530273,427200,13.399999618530273
13.5,13.800000190734863,13.300000190734863,13.600000381469727,325900,13.600000381469727
13.550000190734863,13.574999809265137,13.25,13.449999809265137,106800,13.449999809265137
13.399999618530273,13.5,13.050000190734863,13.199999809265137,498700,13.199999809265137
13.100000381469727,13.600000381469727,13.0,13.350000381469727,834200,13.350000381469727
13.449999809265137,13.75,13.25,13.75,517900,13.75
13.75,15.25,13.649999618530273,15.25,1138000,15.25
15.149999618530273,16.200000762939453,14.850000381469727,15.199999809265137,1175900,15.199999809265137
15.25,16.0,15.100000381469727,15.75,707700,15.75
15.850000381469727,16.049999237060547,15.633999824523926,15.949999809265137,484600,15.949999809265137
15.949999809265137,16.649999618530273,15.949999809265137,16.600000381469727,457600,16.600000381469727
16.549999237060547,16.850000381469727,16.450000762939453,16.549999237060547,490300,16.549999237060547
16.549999237060547,16.850000381469727,16.399999618530273,16.600000381469727,474100,16.600000381469727
16.649999618530273,16.649999618530273,15.949999809265137,16.0,375400,16.0
16.200000762939453,16.600000381469727,15.800000190734863,16.350000381469727,574500,16.350000381469727
16.299999237060547,16.600000381469727,16.225000381469727,16.450000762939453,230800,16.450000762939453
16.399999618530273,16.799999237060547,16.299999237060547,16.399999618530273,319100,16.399999618530273
16.5,16.649999618530273,16.25,16.450000762939453,640800,16.450000762939453
16.350000381469727,16.649999618530273,16.299999237060547,16.5,385500,16.5
16.350000381469727,16.649999618530273,16.299999237060547,16.549999237060547,269300,16.549999237060547
16.450000762939453,16.799999237060547,16.450000762939453,16.700000762939453,336200,16.700000762939453
16.75,16.799999237060547,16.25,16.5,237000,16.5
16.450000762939453,16.649999618530273,16.350000381469727,16.549999237060547,182600,16.549999237060547
16.5,16.649999618530273,16.350000381469727,16.450000762939453,180700,16.450000762939453
16.5,16.600000381469727,16.299999237060547,16.549999237060547,263600,16.549999237060547
16.600000381469727,16.850000381469727,16.450000762939453,16.799999237060547,345500,16.799999237060547
16.75,17.0,16.56599998474121,16.950000762939453,535300,16.950000762939453
17.100000381469727,17.5,16.549999237060547,17.049999237060547,490200,17.049999237060547
17.200000762939453,17.350000381469727,16.549999237060547,16.899999618530273,425800,16.899999618530273
16.850000381469727,17.149999618530273,16.399999618530273,16.649999618530273,218100,16.649999618530273
16.75,16.799999237060547,16.5,16.600000381469727,219600,16.600000381469727
16.200000762939453,16.450000762939453,15.649999618530273,16.100000381469727,891100,16.100000381469727
16.25,16.600000381469727,16.100000381469727,16.5,779200,16.5
16.600000381469727,16.75,16.200000762939453,16.700000762939453,469800,16.700000762939453
16.549999237060547,16.645000457763672,16.049999237060547,16.149999618530273,543200,16.149999618530273
16.25,16.5,15.899999618530273,16.0,239700,16.0
15.850000381469727,15.949999809265137,15.350000381469727,15.449999809265137,340800,15.449999809265137
15.5,16.200000762939453,15.399999618530273,15.800000190734863,443500,15.800000190734863
15.800000190734863,15.899999618530273,15.5,15.550000190734863,253700,15.550000190734863
15.550000190734863,15.699999809265137,15.350000381469727,15.5,194000,15.5
15.449999809265137,15.649999618530273,15.350000381469727,15.399999618530273,183400,15.399999618530273
15.399999618530273,16.049999237060547,15.399999618530273,15.949999809265137,222800,15.949999809265137
16.100000381469727,16.149999618530273,15.800000190734863,16.0,190800,16.0
15.949999809265137,16.200000762939453,15.449999809265137,15.5,190200,15.5
15.5,15.600000381469727,15.425000190734863,15.5,109200,15.5
15.350000381469727,15.350000381469727,14.899999618530273,15.100000381469727,196400,15.100000381469727
15.050000190734863,15.600000381469727,15.0,15.5,227800,15.5
15.550000190734863,15.800000190734863,15.449999809265137,15.600000381469727,287900,15.600000381469727
15.550000190734863,16.0,15.5,15.649999618530273,270300,15.649999618530273
15.699999809265137,16.149999618530273,15.649999618530273,16.0,457000,16.0
15.949999809265137,16.049999237060547,15.350000381469727,15.5,216700,15.5
15.600000381469727,15.850000381469727,15.300000190734863,15.399999618530273,213100,15.399999618530273
15.300000190734863,15.699999809265137,15.100000381469727,15.5,224300,15.5
15.550000190734863,15.725000381469727,15.399999618530273,15.600000381469727,97800,15.600000381469727
15.75,16.25,15.630000114440918,16.149999618530273,315000,16.149999618530273
16.149999618530273,16.350000381469727,16.0,16.25,281700,16.25
16.149999618530273,16.399999618530273,15.774999618530273,16.0,273000,16.0
15.899999618530273,16.799999237060547,15.899999618530273,16.600000381469727,600800,16.600000381469727
16.649999618530273,16.6560001373291,15.899999618530273,16.399999618530273,322100,16.399999618530273
16.399999618530273,16.549999237060547,16.200000762939453,16.549999237060547,168200,16.549999237060547
16.649999618530273,16.700000762939453,16.225000381469727,16.399999618530273,180200,16.399999618530273
16.350000381469727,16.649999618530273,16.25,16.399999618530273,146100,16.399999618530273
16.5,16.600000381469727,15.949999809265137,16.049999237060547,381000,16.049999237060547
15.899999618530273,16.25,15.899999618530273,16.100000381469727,140000,16.100000381469727
16.100000381469727,16.200000762939453,15.899999618530273,16.149999618530273,132600,16.149999618530273
16.149999618530273,16.399999618530273,15.949999809265137,16.299999237060547,292500,16.299999237060547
16.450000762939453,17.325000762939453,16.399999618530273,17.149999618530273,603000,17.149999618530273
17.200000762939453,17.75,17.100000381469727,17.700000762939453,524600,17.700000762939453
17.700000762939453,18.299999237060547,17.700000762939453,18.200000762939453,1202500,18.200000762939453
18.25,18.325000762939453,17.950000762939453,18.049999237060547,769500,18.049999237060547
18.0,18.100000381469727,17.799999237060547,18.0,435700,18.0
18.149999618530273,18.549999237060547,17.850000381469727,18.100000381469727,382100,18.100000381469727
18.149999618530273,18.28499984741211,17.450000762939453,17.75,680300,17.75
17.799999237060547,18.450000762939453,17.549999237060547,18.049999237060547,658500,18.049999237060547
18.049999237060547,19.0,18.049999237060547,18.700000762939453,443300,18.700000762939453
18.700000762939453,19.299999237060547,18.399999618530273,19.149999618530273,376200,19.149999618530273
19.200000762939453,19.799999237060547,19.149999618530273,19.700000762939453,2035000,19.700000762939453
19.799999237060547,19.850000381469727,18.5,18.600000381469727,547300,18.600000381469727
18.600000381469727,19.200000762939453,18.549999237060547,18.850000381469727,569900,18.850000381469727
18.799999237060547,18.899999618530273,18.5,18.649999618530273,197700,18.649999618530273
18.649999618530273,18.799999237060547,17.549999237060547,17.600000381469727,468400,17.600000381469727
17.600000381469727,18.0,17.399999618530273,17.549999237060547,294400,17.549999237060547
17.5,18.0,17.5,17.649999618530273,328100,17.649999618530273
17.649999618530273,18.049999237060547,17.5,17.700000762939453,210900,17.700000762939453
17.5,18.049999237060547,17.450000762939453,17.899999618530273,227200,17.899999618530273
17.899999618530273,18.899999618530273,17.75,18.899999618530273,671600,18.899999618530273
18.799999237060547,18.899999618530273,18.399999618530273,18.75,288100,18.75
18.75,19.049999237060547,18.450000762939453,18.950000762939453,205500,18.950000762939453
18.950000762939453,19.100000381469727,18.549999237060547,18.924999237060547,367600,18.924999237060547
18.799999237060547,18.950000762939453,18.600000381469727,18.875,273000,18.875
18.850000381469727,19.100000381469727,18.700000762939453,19.100000381469727,249800,19.100000381469727
19.200000762939453,19.299999237060547,18.625,18.799999237060547,468600,18.799999237060547
18.899999618530273,19.350000381469727,18.649999618530273,19.25,643400,19.25
19.200000762939453,19.299999237060547,19.100000381469727,19.200000762939453,290300,19.200000762939453
19.25,19.350000381469727,18.950000762939453,19.200000762939453,207900,19.200000762939453
19.25,19.700000762939453,19.052000045776367,19.600000381469727,394900,19.600000381469727
19.549999237060547,19.600000381469727,18.899999618530273,19.049999237060547,214900,19.049999237060547
19.049999237060547,19.075000762939453,18.350000381469727,18.5,265500,18.5
18.549999237060547,18.899999618530273,18.350000381469727,18.700000762939453,401100,18.700000762939453
18.700000762939453,18.799999237060547,18.018999099731445,18.600000381469727,533800,18.600000381469727
18.75,19.100000381469727,18.450000762939453,18.799999237060547,654600,18.799999237060547
18.950000762939453,19.25,18.549999237060547,19.100000381469727,467500,19.100000381469727
19.100000381469727,19.100000381469727,18.0,18.399999618530273,636700,18.399999618530273
18.5,18.5,17.299999237060547,17.799999237060547,2341800,17.799999237060547
17.899999618530273,18.600000381469727,17.75,18.399999618530273,1574300,18.399999618530273
18.399999618530273,19.75,18.399999618530273,19.5,1243900,19.5
19.600000381469727,19.674999237060547,18.600000381469727,19.25,890400,19.25
18.899999618530273,19.549999237060547,18.649999618530273,19.125,849900,19.125
19.200000762939453,19.350000381469727,18.75,19.149999618530273,949100,19.149999618530273
19.100000381469727,19.524999618530273,18.899999618530273,19.299999237060547,809900,19.299999237060547
19.149999618530273,19.649999618530273,18.950000762939453,19.549999237060547,996500,19.549999237060547
19.600000381469727,19.850000381469727,19.174999237060547,19.549999237060547,907400,19.549999237060547
18.450000762939453,20.149999618530273,18.049999237060547,20.0,1279700,20.0
20.0,20.049999237060547,19.350000381469727,19.899999618530273,1587800,19.899999618530273
20.0,20.625,19.75,20.450000762939453,3036400,20.450000762939453
20.600000381469727,21.149999618530273,20.25,20.899999618530273,1483300,20.899999618530273
20.799999237060547,21.0,20.25,20.549999237060547,1090600,20.549999237060547
20.450000762939453,20.843000411987305,20.200000762939453,20.700000762939453,839500,20.700000762939453
20.75,20.850000381469727,20.475000381469727,20.700000762939453,979700,20.700000762939453
20.799999237060547,20.899999618530273,20.450000762939453,20.649999618530273,801400,20.649999618530273
20.299999237060547,20.549999237060547,20.049999237060547,20.225000381469727,914500,20.225000381469727
20.100000381469727,20.25,19.75,19.950000762939453,1052500,19.950000762939453
20.100000381469727,20.174999237060547,19.700000762939453,19.700000762939453,759000,19.700000762939453
19.75,20.549999237060547,19.75,20.450000762939453,630500,20.450000762939453
20.549999237060547,20.799999237060547,20.200000762939453,20.549999237060547,1574600,20.549999237060547
20.549999237060547,20.799999237060547,20.549999237060547,20.799999237060547,470700,20.799999237060547
20.799999237060547,20.799999237060547,20.450000762939453,20.5,498800,20.5
20.5,20.799999237060547,20.33799934387207,20.549999237060547,950600,20.549999237060547
20.549999237060547,20.700000762939453,20.399999618530273,20.700000762939453,392100,20.700000762939453
20.799999237060547,20.899999618530273,20.25,20.75,535400,20.75
20.799999237060547,20.950000762939453,20.450000762939453,20.850000381469727,394600,20.850000381469727
20.799999237060547,21.0,20.549999237060547,20.850000381469727,556600,20.850000381469727
20.799999237060547,21.049999237060547,20.5,20.850000381469727,430500,20.850000381469727
20.700000762939453,21.08799934387207,20.524999618530273,20.950000762939453,535500,20.950000762939453
20.950000762939453,21.799999237060547,20.799999237060547,21.600000381469727,1518100,21.600000381469727
21.5,21.825000762939453,21.299999237060547,21.5,939000,21.5
21.5,21.649999618530273,21.225000381469727,21.25,486900,21.25
21.25,21.5,21.049999237060547,21.399999618530273,476300,21.399999618530273
21.549999237060547,21.75,21.399999618530273,21.549999237060547,449600,21.549999237060547
21.5,21.5,20.75,20.799999237060547,898500,20.799999237060547
20.600000381469727,21.5,20.100000381469727,20.450000762939453,642300,20.450000762939453
20.100000381469727,20.450000762939453,19.899999618530273,20.25,827400,20.25
20.399999618530273,20.899999618530273,20.299999237060547,20.75,624900,20.75
20.75,21.0,20.100000381469727,20.450000762939453,594700,20.450000762939453
20.450000762939453,20.649999618530273,20.200000762939453,20.5,499700,20.5
20.450000762939453,20.450000762939453,19.899999618530273,20.149999618530273,598900,20.149999618530273
20.200000762939453,20.399999618530273,19.899999618530273,20.25,1029000,20.25
20.299999237060547,20.549999237060547,20.000999450683594,20.399999618530273,839700,20.399999618530273
20.350000381469727,20.549999237060547,19.950000762939453,20.0,375100,20.0
20.049999237060547,20.5,19.899999618530273,20.450000762939453,1543400,20.450000762939453
20.549999237060547,20.549999237060547,19.549999237060547,19.649999618530273,609300,19.649999618530273
19.649999618530273,20.049999237060547,19.5,20.0,465700,20.0
20.100000381469727,20.125,19.625,19.799999237060547,266100,19.799999237060547
19.75,19.799999237060547,19.25,19.350000381469727,504100,19.350000381469727
19.149999618530273,19.75,19.100000381469727,19.200000762939453,329800,19.200000762939453
19.299999237060547,19.649999618530273,19.049999237060547,19.399999618530273,279100,19.399999618530273
19.450000762939453,19.850000381469727,19.100000381469727,19.299999237060547,269300,19.299999237060547
19.350000381469727,19.5,19.049999237060547,19.450000762939453,491600,19.450000762939453
19.600000381469727,19.700000762939453,19.350000381469727,19.549999237060547,541300,19.549999237060547
19.600000381469727,19.600000381469727,18.799999237060547,19.200000762939453,382800,19.200000762939453
19.149999618530273,19.325000762939453,18.950000762939453,19.299999237060547,328600,19.299999237060547
19.350000381469727,19.399999618530273,18.899999618530273,19.100000381469727,403000,19.100000381469727
19.100000381469727,19.700000762939453,18.950000762939453,19.5,1230600,19.5
19.600000381469727,19.899999618530273,19.5,19.799999237060547,426800,19.799999237060547
20.0,20.75,20.0,20.600000381469727,1332500,20.600000381469727
20.700000762939453,21.0,20.399999618530273,20.600000381469727,836200,20.600000381469727
20.600000381469727,21.0,20.524999618530273,20.899999618530273,1038600,20.899999618530273
21.0,21.049999237060547,20.649999618530273,20.950000762939453,890700,20.950000762939453
21.0,21.0,20.700000762939453,20.799999237060547,742000,20.799999237060547
20.850000381469727,21.0,20.200000762939453,20.25,549000,20.25
20.149999618530273,20.450000762939453,19.875,20.0,437700,20.0
20.149999618530273,20.524999618530273,19.950000762939453,20.399999618530273,833100,20.399999618530273
20.600000381469727,20.674999237060547,20.149999618530273,20.299999237060547,596900,20.299999237060547
20.25,20.649999618530273,19.950000762939453,20.600000381469727,534200,20.600000381469727
20.700000762939453,20.799999237060547,20.200000762939453,20.350000381469727,422000,20.350000381469727
20.399999618530273,20.399999618530273,20.100000381469727,20.299999237060547,254700,20.299999237060547
20.299999237060547,20.450000762939453,20.049999237060547,20.200000762939453,542200,20.200000762939453
20.25,20.25,19.799999237060547,19.950000762939453,590200,19.950000762939453
20.5,22.149999618530273,20.399999618530273,21.950000762939453,4852600,21.950000762939453
22.100000381469727,23.0,21.899999618530273,22.549999237060547,1535900,22.549999237060547
22.75,23.399999618530273,22.399999618530273,23.399999618530273,1363400,23.399999618530273
23.350000381469727,23.5,22.799999237060547,23.299999237060547,640000,23.299999237060547
23.25,23.299999237060547,22.200000762939453,22.75,869800,22.75
22.799999237060547,22.924999237060547,22.450000762939453,22.5,479100,22.5
22.450000762939453,22.700000762939453,22.049999237060547,22.100000381469727,415000,22.100000381469727
21.899999618530273,22.399999618530273,21.700000762939453,22.299999237060547,546200,22.299999237060547
22.200000762939453,22.600000381469727,22.100000381469727,22.5,454500,22.5
22.649999618530273,23.350000381469727,22.649999618530273,23.200000762939453,907800,23.200000762939453
23.049999237060547,23.25,22.850000381469727,23.049999237060547,417800,23.049999237060547
23.149999618530273,23.299999237060547,23.049999237060547,23.100000381469727,985400,23.100000381469727
23.299999237060547,23.350000381469727,23.024999618530273,23.25,711800,23.25
23.350000381469727,23.350000381469727,22.450000762939453,22.899999618530273,647400,22.899999618530273
22.700000762939453,22.899999618530273,22.25,22.700000762939453,522300,22.700000762939453
22.549999237060547,22.899999618530273,22.350000381469727,22.549999237060547,459900,22.549999237060547
22.75,23.25,22.700000762939453,23.0,668100,23.0
23.149999618530273,23.350000381469727,22.850000381469727,23.149999618530273,501600,23.149999618530273
23.149999618530273,24.149999618530273,23.149999618530273,23.850000381469727,1027300,23.850000381469727
23.950000762939453,23.975000381469727,23.149999618530273,23.700000762939453,942900,23.700000762939453
23.700000762939453,24.100000381469727,23.29800033569336,23.799999237060547,599300,23.799999237060547
23.899999618530273,24.100000381469727,23.600000381469727,24.049999237060547,968600,24.049999237060547
24.100000381469727,24.975000381469727,24.100000381469727,24.700000762939453,1323300,24.700000762939453
24.649999618530273,25.350000381469727,24.649999618530273,25.25,1311000,25.25
25.149999618530273,25.299999237060547,24.75,24.850000381469727,1102300,24.850000381469727
24.899999618530273,25.200000762939453,24.450000762939453,24.600000381469727,1099500,24.600000381469727
24.700000762939453,25.049999237060547,24.549999237060547,24.799999237060547,2062300,24.799999237060547
24.850000381469727,25.399999618530273,24.850000381469727,25.299999237060547,1262600,25.299999237060547
25.25,25.549999237060547,25.075000762939453,25.299999237060547,902300,25.299999237060547
25.5,25.649999618530273,25.25,25.450000762939453,1134500,25.450000762939453
25.350000381469727,25.450000762939453,24.850000381469727,25.100000381469727,606100,25.100000381469727
25.149999618530273,25.149999618530273,24.649999618530273,24.725000381469727,717700,24.725000381469727
24.899999618530273,24.899999618530273,24.149999618530273,24.399999618530273,1192700,24.399999618530273
24.399999618530273,24.799999237060547,24.299999237060547,24.549999237060547,945900,24.549999237060547
24.649999618530273,25.299999237060547,24.5,25.200000762939453,615400,25.200000762939453
25.049999237060547,25.450000762939453,24.950000762939453,25.450000762939453,488000,25.450000762939453
25.5,25.975000381469727,25.325000762939453,25.649999618530273,1433100,25.649999618530273
25.549999237060547,26.024999618530273,25.350000381469727,25.899999618530273,941300,25.899999618530273
25.899999618530273,26.75,25.799999237060547,26.649999618530273,857300,26.649999618530273
26.899999618530273,26.950000762939453,25.954999923706055,26.75,637700,26.75
26.75,27.149999618530273,26.399999618530273,26.950000762939453,1073200,26.950000762939453
26.950000762939453,27.024999618530273,26.100000381469727,26.399999618530273,644600,26.399999618530273
26.399999618530273,26.700000762939453,25.674999237060547,26.100000381469727,1066000,26.100000381469727
26.299999237060547,26.450000762939453,25.549999237060547,26.100000381469727,1411000,26.100000381469727
26.200000762939453,26.600000381469727,25.950000762939453,26.350000381469727,812400,26.350000381469727
26.350000381469727,26.5,26.149999618530273,26.149999618530273,501200,26.149999618530273
26.299999237060547,26.5,26.0,26.200000762939453,594700,26.200000762939453
26.299999237060547,26.950000762939453,26.174999237060547,26.649999618530273,596000,26.649999618530273
26.649999618530273,26.700000762939453,26.225000381469727,26.5,536400,26.5
26.600000381469727,26.725000381469727,26.25,26.299999237060547,696900,26.299999237060547
26.049999237060547,26.049999237060547,25.649999618530273,25.799999237060547,539600,25.799999237060547
26.049999237060547,26.049999237060547,25.5,25.5,486400,25.5
25.450000762939453,25.725000381469727,24.649999618530273,25.25,934100,25.25
25.25,25.524999618530273,24.899999618530273,24.899999618530273,539100,24.899999618530273
24.75,25.100000381469727,24.399999618530273,24.799999237060547,982300,24.799999237060547
24.799999237060547,24.950000762939453,23.950000762939453,24.049999237060547,955300,24.049999237060547
24.149999618530273,25.350000381469727,24.149999618530273,25.25,1437500,25.25
25.100000381469727,25.924999237060547,24.950000762939453,25.600000381469727,1268300,25.600000381469727
25.649999618530273,25.75,24.975000381469727,25.700000762939453,723800,25.700000762939453
25.700000762939453,26.25,25.299999237060547,25.799999237060547,701900,25.799999237060547
25.799999237060547,25.950000762939453,25.350000381469727,25.649999618530273,907500,25.649999618530273
27.200000762939453,30.0,26.649999618530273,28.0,3212900,28.0
28.200000762939453,29.0,28.049999237060547,28.600000381469727,1111300,28.600000381469727
28.5,29.024999618530273,27.850000381469727,29.0,1132400,29.0
29.0,29.450000762939453,28.549999237060547,29.299999237060547,915300,29.299999237060547
29.200000762939453,29.950000762939453,28.450000762939453,28.549999237060547,1271800,28.549999237060547
28.799999237060547,29.549999237060547,28.549999237060547,28.649999618530273,1112300,28.649999618530273
28.649999618530273,29.0,28.149999618530273,28.799999237060547,825000,28.799999237060547
28.700000762939453,29.450000762939453,28.350000381469727,29.049999237060547,845900,29.049999237060547
28.850000381469727,29.174999237060547,28.25,29.0,730800,29.0
29.100000381469727,29.700000762939453,29.0,29.25,920500,29.25
29.149999618530273,29.649999618530273,29.100000381469727,29.200000762939453,430100,29.200000762939453
29.200000762939453,30.149999618530273,29.100000381469727,29.649999618530273,1977300,29.649999618530273
29.75,29.799999237060547,29.25,29.399999618530273,381200,29.399999618530273
29.5,29.549999237060547,29.066999435424805,29.25,426100,29.25
29.25,29.850000381469727,29.024999618530273,29.700000762939453,156700,29.700000762939453
29.549999237060547,30.0,29.350000381469727,29.75,711200,29.75
29.950000762939453,30.549999237060547,29.799999237060547,30.049999237060547,595400,30.049999237060547
30.149999618530273,30.600000381469727,29.0,29.424999237060547,720200,29.424999237060547
29.600000381469727,30.700000762939453,29.25,30.600000381469727,981900,30.600000381469727
30.5,30.899999618530273,30.100000381469727,30.600000381469727,495300,30.600000381469727
31.0,31.350000381469727,30.450000762939453,30.850000381469727,775100,30.850000381469727
30.700000762939453,31.475000381469727,30.549999237060547,31.350000381469727,1245700,31.350000381469727
31.149999618530273,31.5,30.850000381469727,31.25,1758500,31.25
31.149999618530273,31.850000381469727,30.899999618530273,31.850000381469727,619200,31.850000381469727
32.20000076293945,32.775001525878906,31.899999618530273,32.70000076293945,879000,32.70000076293945
33.099998474121094,33.400001525878906,32.79999923706055,33.29999923706055,874800,33.29999923706055
33.400001525878906,33.70000076293945,33.099998474121094,33.650001525878906,1025800,33.650001525878906
33.650001525878906,34.03099822998047,33.45000076293945,33.95000076293945,1114000,33.95000076293945
33.900001525878906,33.900001525878906,31.725000381469727,32.04999923706055,1477900,32.04999923706055
32.04999923706055,32.64899826049805,31.5,32.150001525878906,972900,32.150001525878906
32.54999923706055,33.650001525878906,32.400001525878906,33.599998474121094,840700,33.599998474121094
33.650001525878906,33.82699966430664,33.0,33.400001525878906,714900,33.400001525878906
33.54999923706055,33.54999923706055,32.70000076293945,33.0,612300,33.0
33.25,33.457000732421875,32.900001525878906,33.29999923706055,363300,33.29999923706055
33.25,33.5,33.0,33.20000076293945,364300,33.20000076293945
33.099998474121094,33.525001525878906,32.849998474121094,33.20000076293945,375900,33.20000076293945
33.29999923706055,33.95000076293945,32.849998474121094,33.900001525878906,348800,33.900001525878906
33.95000076293945,33.95000076293945,32.900001525878906,33.0,759400,33.0
33.04999923706055,33.20000076293945,32.224998474121094,33.150001525878906,558800,33.150001525878906
33.29999923706055,33.29999923706055,31.200000762939453,31.649999618530273,1157300,31.649999618530273
31.649999618530273,32.0,31.25,31.299999237060547,715000,31.299999237060547
31.600000381469727,32.125,31.399999618530273,32.0,706500,32.0
32.20000076293945,32.54999923706055,31.450000762939453,31.799999237060547,538300,31.799999237060547
31.799999237060547,33.0989990234375,31.25,31.700000762939453,373200,31.700000762939453
31.700000762939453,32.275001525878906,31.5,32.04999923706055,593400,32.04999923706055
32.04999923706055,32.54999923706055,31.774999618530273,32.25,391000,32.25
32.349998474121094,32.79999923706055,32.04999923706055,32.54999923706055,308900,32.54999923706055
32.70000076293945,32.974998474121094,32.0,32.349998474121094,1266000,32.349998474121094
32.599998474121094,33.20000076293945,31.799999237060547,32.099998474121094,366000,32.099998474121094
32.29999923706055,32.54999923706055,31.899999618530273,32.0,259400,32.0
31.950000762939453,32.10900115966797,31.549999237060547,31.600000381469727,259900,31.600000381469727
32.0,33.20000076293945,31.474000930786133,32.95000076293945,458000,32.95000076293945
32.900001525878906,33.75,32.5,33.599998474121094,405700,33.599998474121094
33.54999923706055,35.150001525878906,33.54999923706055,34.0,1577400,34.0
33.95000076293945,34.599998474121094,32.724998474121094,33.45000076293945,803000,33.45000076293945
33.70000076293945,34.04999923706055,32.79999923706055,32.95000076293945,442700,32.95000076293945
33.150001525878906,33.54999923706055,32.54999923706055,33.04999923706055,551000,33.04999923706055
32.79999923706055,33.07500076293945,31.899999618530273,32.0,612200,32.0
31.950000762939453,32.95000076293945,31.200000762939453,32.25,511300,32.25
32.599998474121094,35.0,32.599998474121094,34.54999923706055,1380500,34.54999923706055
34.45000076293945,35.29999923706055,34.349998474121094,34.650001525878906,723600,34.650001525878906
34.400001525878906,35.20000076293945,34.0,35.0,652400,35.0
34.75,34.75,33.099998474121094,33.70000076293945,930800,33.70000076293945
32.95000076293945,35.0,32.0,34.5,892200,34.5
34.5,34.75,33.79999923706055,33.900001525878906,374500,33.900001525878906
33.849998474121094,33.95000076293945,31.799999237060547,31.950000762939453,606000,31.950000762939453
32.349998474121094,33.720001220703125,29.15999984741211,30.649999618530273,1891400,30.649999618530273
30.799999237060547,31.200000762939453,29.850000381469727,30.149999618530273,1019800,30.149999618530273
30.100000381469727,31.450000762939453,29.950000762939453,31.149999618530273,687100,31.149999618530273
30.799999237060547,32.599998474121094,30.799999237060547,32.29999923706055,533900,32.29999923706055
32.349998474121094,32.650001525878906,31.64900016784668,32.45000076293945,356500,32.45000076293945
32.349998474121094,33.599998474121094,32.349998474121094,33.54999923706055,729300,33.54999923706055
33.70000076293945,34.25,33.20000076293945,34.150001525878906,751300,34.150001525878906
33.650001525878906,34.25,32.099998474121094,32.54999923706055,1177800,32.54999923706055
32.599998474121094,32.75,31.399999618530273,32.150001525878906,809400,32.150001525878906
32.0,34.25,30.600000381469727,33.54999923706055,1127300,33.54999923706055
34.150001525878906,34.75,33.150001525878906,33.599998474121094,647100,33.599998474121094
33.900001525878906,34.650001525878906,33.45000076293945,33.900001525878906,1000500,33.900001525878906
33.95000076293945,34.70000076293945,33.650001525878906,34.099998474121094,650700,34.099998474121094
34.150001525878906,34.75,33.95000076293945,34.349998474121094,775200,34.349998474121094
33.95000076293945,34.5,33.70000076293945,34.25,517600,34.25
33.849998474121094,34.20000076293945,33.099998474121094,33.849998474121094,504200,33.849998474121094
33.849998474121094,35.0,33.650001525878906,34.349998474121094,1490700,34.349998474121094
34.25,35.45000076293945,34.25,35.25,882600,35.25
35.599998474121094,36.04999923706055,34.650001525878906,35.849998474121094,758300,35.849998474121094
35.95000076293945,38.45000076293945,35.95000076293945,37.650001525878906,1767800,37.650001525878906
37.650001525878906,38.20000076293945,36.79999923706055,37.150001525878906,599100,37.150001525878906
37.20000076293945,37.70000076293945,36.75,36.95000076293945,559000,36.95000076293945
37.29999923706055,37.900001525878906,36.79999923706055,37.70000076293945,571500,37.70000076293945
37.95000076293945,37.95000076293945,37.150001525878906,37.25,417800,37.25
38.099998474121094,38.32099914550781,36.375,36.5,938800,36.5
36.099998474121094,36.400001525878906,35.20000076293945,35.54999923706055,713500,35.54999923706055
35.70000076293945,35.95000076293945,34.45000076293945,34.75,1010700,34.75
34.599998474121094,34.79999923706055,33.75,33.900001525878906,642900,33.900001525878906
33.75,34.5,33.20000076293945,33.20000076293945,488000,33.20000076293945
33.29999923706055,33.474998474121094,32.150001525878906,32.29999923706055,612700,32.29999923706055
32.79999923706055,33.75,32.599998474121094,33.599998474121094,815000,33.599998474121094
33.75,33.79999923706055,32.70000076293945,33.0,668500,33.0
32.95000076293945,33.150001525878906,32.25,32.45000076293945,926200,32.45000076293945
32.5,33.599998474121094,31.25,33.0,1310700,33.0
32.95000076293945,33.25,31.799999237060547,32.099998474121094,761800,32.099998474121094
32.70000076293945,33.95000076293945,32.04999923706055,33.79999923706055,927900,33.79999923706055
33.25,34.75,32.70000076293945,34.650001525878906,757600,34.650001525878906
34.900001525878906,35.599998474121094,34.5,35.5,560500,35.5
35.29999923706055,35.900001525878906,33.849998474121094,34.400001525878906,501900,34.400001525878906
34.54999923706055,35.099998474121094,33.599998474121094,34.099998474121094,497500,34.099998474121094
34.70000076293945,35.04999923706055,34.29999923706055,34.599998474121094,478700,34.599998474121094
34.25,35.20000076293945,34.25,34.599998474121094,329100,34.599998474121094
34.849998474121094,35.724998474121094,34.650001525878906,35.5,459700,35.5
35.849998474121094,35.849998474121094,35.29999923706055,35.70000076293945,525600,35.70000076293945
39.849998474121094,43.150001525878906,39.599998474121094,41.5,3898300,41.5
42.20000076293945,42.20000076293945,40.650001525878906,41.0,884500,41.0
41.150001525878906,42.042999267578125,40.900001525878906,41.29999923706055,556700,41.29999923706055
41.20000076293945,41.650001525878906,40.150001525878906,40.79999923706055,557600,40.79999923706055
40.650001525878906,41.025001525878906,40.25,40.400001525878906,468200,40.400001525878906
40.5,41.20000076293945,40.099998474121094,41.150001525878906,444700,41.150001525878906
41.150001525878906,41.64899826049805,39.79999923706055,40.099998474121094,769900,40.099998474121094
40.20000076293945,40.20000076293945,39.20000076293945,39.45000076293945,480300,39.45000076293945
40.70000076293945,41.400001525878906,40.0,40.25,477100,40.25
40.0,40.650001525878906,39.42499923706055,40.54999923706055,344300,40.54999923706055
40.900001525878906,41.650001525878906,40.29999923706055,40.5,590000,40.5
40.70000076293945,40.76599884033203,39.900001525878906,40.29999923706055,475500,40.29999923706055
40.099998474121094,41.45000076293945,39.849998474121094,40.400001525878906,867900,40.400001525878906
39.95000076293945,40.599998474121094,39.290000915527344,40.0,730200,40.0
40.79999923706055,43.95000076293945,39.70000076293945,42.5,1750600,42.5
42.849998474121094,43.54999923706055,42.04999923706055,42.150001525878906,679300,42.150001525878906
41.95000076293945,42.45000076293945,40.900001525878906,42.349998474121094,908900,42.349998474121094
42.25,42.79999923706055,41.29999923706055,42.25,492500,42.25
42.349998474121094,43.95000076293945,41.869998931884766,43.29999923706055,482000,43.29999923706055
43.099998474121094,43.5,41.70000076293945,42.20000076293945,443900,42.20000076293945
42.20000076293945,43.400001525878906,41.75,43.20000076293945,824200,43.20000076293945
43.099998474121094,43.650001525878906,42.54999923706055,43.099998474121094,567000,43.099998474121094
42.900001525878906,44.099998474121094,42.5,43.400001525878906,1305700,43.400001525878906
43.400001525878906,44.33599853515625,43.349998474121094,44.25,632000,44.25
44.349998474121094,44.70000076293945,43.79999923706055,44.400001525878906,460600,44.400001525878906
44.54999923706055,44.75,42.82500076293945,43.70000076293945,1201600,43.70000076293945
44.0,44.20000076293945,42.70000076293945,43.349998474121094,344400,43.349998474121094
43.099998474121094,43.5,42.75,43.0,202500,43.0
42.95000076293945,44.099998474121094,42.483001708984375,44.0,787700,44.0
43.79999923706055,44.75,43.79999923706055,44.5,447700,44.5
44.099998474121094,45.0,43.775001525878906,44.95000076293945,588600,44.95000076293945
45.0,45.95000076293945,44.849998474121094,45.349998474121094,1088800,45.349998474121094
45.900001525878906,45.900001525878906,44.79999923706055,45.20000076293945,539700,45.20000076293945
45.349998474121094,45.650001525878906,44.599998474121094,45.400001525878906,461000,45.400001525878906
45.79999923706055,45.79999923706055,44.92499923706055,45.04999923706055,360400,45.04999923706055
45.150001525878906,45.54999923706055,43.900001525878906,44.5,684500,44.5
44.349998474121094,45.349998474121094,44.150001525878906,45.349998474121094,340300,45.349998474121094
45.349998474121094,45.5,43.849998474121094,44.20000076293945,367200,44.20000076293945
44.04999923706055,44.849998474121094,43.45000076293945,43.45000076293945,409400,43.45000076293945
43.599998474121094,44.150001525878906,42.974998474121094,43.349998474121094,472200,43.349998474121094
43.849998474121094,46.45000076293945,43.70000076293945,45.900001525878906,1783700,45.900001525878906
45.849998474121094,46.29999923706055,43.29999923706055,43.5,1179000,43.5
43.5,43.849998474121094,42.45000076293945,42.849998474121094,855200,42.849998474121094
42.650001525878906,43.150001525878906,42.04999923706055,42.5,945200,42.5
42.0,43.849998474121094,41.150001525878906,43.150001525878906,1337900,43.150001525878906
43.04999923706055,43.900001525878906,42.150001525878906,43.150001525878906,627600,43.150001525878906
43.150001525878906,44.599998474121094,43.099998474121094,44.099998474121094,1254100,44.099998474121094
44.349998474121094,45.5,43.599998474121094,43.849998474121094,659200,43.849998474121094
43.95000076293945,44.29999923706055,43.25,44.25,2914000,44.25
43.25,44.0,41.099998474121094,41.400001525878906,1101600,41.400001525878906
41.20000076293945,41.95000076293945,41.20000076293945,41.5,460000,41.5
41.54999923706055,41.900001525878906,39.5,39.70000076293945,872100,39.70000076293945
39.400001525878906,40.04999923706055,38.650001525878906,39.849998474121094,815300,39.849998474121094
39.650001525878906,40.5,38.849998474121094,39.099998474121094,1154900,39.099998474121094
39.099998474121094,39.400001525878906,38.20000076293945,38.599998474121094,1197800,38.599998474121094
38.599998474121094,40.07500076293945,38.25,39.54999923706055,389900,39.54999923706055
39.650001525878906,40.349998474121094,39.349998474121094,40.20000076293945,699900,40.20000076293945
40.5,41.650001525878906,40.32500076293945,41.20000076293945,590100,41.20000076293945
41.849998474121094,43.0,41.70000076293945,42.599998474121094,972400,42.599998474121094
42.5,43.75,42.5,43.04999923706055,1440400,43.04999923706055
42.650001525878906,44.70000076293945,42.54999923706055,43.79999923706055,1200800,43.79999923706055
44.150001525878906,45.70000076293945,43.5,45.599998474121094,1039100,45.599998474121094
45.45000076293945,46.849998474121094,45.099998474121094,46.25,1999900,46.25
46.5,46.5,44.400001525878906,44.849998474121094,775200,44.849998474121094
44.650001525878906,45.375,44.54999923706055,45.0,358300,45.0
45.20000076293945,45.481998443603516,43.95000076293945,43.95000076293945,422700,43.95000076293945
43.75,44.5,43.25,44.400001525878906,398900,44.400001525878906
44.349998474121094,44.849998474121094,44.150001525878906,44.5,420400,44.5
44.54999923706055,44.650001525878906,43.75,44.599998474121094,583800,44.599998474121094
44.900001525878906,45.20000076293945,42.57500076293945,43.54999923706055,553000,43.54999923706055
43.599998474121094,44.0,43.150001525878906,43.70000076293945,375100,43.70000076293945
43.75,44.5,41.5,42.099998474121094,776700,42.099998474121094
42.349998474121094,43.20000076293945,40.650001525878906,41.400001525878906,645500,41.400001525878906
41.45000076293945,42.20000076293945,40.900001525878906,41.599998474121094,669800,41.599998474121094
41.54999923706055,43.5,41.349998474121094,42.849998474121094,464200,42.849998474121094
42.70000076293945,43.099998474121094,41.45000076293945,41.45000076293945,1025700,41.45000076293945
41.20000076293945,41.75,40.32500076293945,41.400001525878906,995600,41.400001525878906
43.5,45.099998474121094,42.5,43.70000076293945,1363400,43.70000076293945
44.0,44.04999923706055,42.349998474121094,42.54999923706055,682500,42.54999923706055
42.400001525878906,43.0,41.95000076293945,42.5,556900,42.5
43.04999923706055,43.525001525878906,42.599998474121094,43.04999923706055,843000,43.04999923706055
43.04999923706055,44.04999923706055,42.900001525878906,43.54999923706055,633300,43.54999923706055
43.20000076293945,44.25,43.099998474121094,43.5,434600,43.5
43.400001525878906,44.0,42.54999923706055,43.29999923706055,503300,43.29999923706055
43.5,44.32500076293945,43.25,43.79999923706055,533000,43.79999923706055
45.70000076293945,46.0,43.400001525878906,45.70000076293945,5268100,45.70000076293945
45.95000076293945,46.92499923706055,45.54999923706055,46.54999923706055,2582600,46.54999923706055
46.349998474121094,47.150001525878906,45.70000076293945,45.95000076293945,11806800,45.95000076293945
46.150001525878906,46.599998474121094,45.32500076293945,46.400001525878906,1376000,46.400001525878906
46.400001525878906,47.94499969482422,46.400001525878906,47.5,1915400,47.5
47.25,49.20000076293945,47.25,48.95000076293945,1463900,48.95000076293945
49.0,49.400001525878906,48.57500076293945,48.75,681300,48.75
48.95000076293945,49.95000076293945,48.849998474121094,49.75,929700,49.75
50.0,50.0,48.5,48.599998474121094,859900,48.599998474121094
48.900001525878906,49.0,47.400001525878906,48.349998474121094,898500,48.349998474121094
48.45000076293945,49.0,47.70000076293945,48.95000076293945,417400,48.95000076293945
49.0,49.0,47.775001525878906,48.0,676200,48.0
47.900001525878906,48.32500076293945,47.70000076293945,48.04999923706055,672500,48.04999923706055
48.20000076293945,48.974998474121094,46.79999923706055,46.900001525878906,905100,46.900001525878906
46.79999923706055,47.95000076293945,46.349998474121094,47.349998474121094,1512800,47.349998474121094
47.79999923706055,47.79999923706055,45.70000076293945,45.79999923706055,1056400,45.79999923706055
45.29999923706055,46.17499923706055,44.95000076293945,45.349998474121094,1203300,45.349998474121094
45.650001525878906,46.20000076293945,45.099998474121094,45.95000076293945,853100,45.95000076293945
45.95000076293945,46.79999923706055,45.20000076293945,46.70000076293945,971500,46.70000076293945
46.75,48.150001525878906,46.29999923706055,47.95000076293945,711700,47.95000076293945
48.04999923706055,49.599998474121094,48.04999923706055,49.0,799700,49.0
49.150001525878906,49.849998474121094,47.95000076293945,48.849998474121094,1390600,48.849998474121094
48.79999923706055,49.25,47.5,47.849998474121094,806800,47.849998474121094
47.900001525878906,48.400001525878906,47.5,48.29999923706055,725700,48.29999923706055
48.45000076293945,49.0,47.0,47.29999923706055,640700,47.29999923706055
47.650001525878906,48.5,47.25,48.45000076293945,687500,48.45000076293945
48.400001525878906,48.650001525878906,47.650001525878906,48.20000076293945,1409400,48.20000076293945
47.849998474121094,48.54999923706055,47.29999923706055,48.349998474121094,634700,48.349998474121094
48.5,48.5,47.54999923706055,47.849998474121094,1480800,47.849998474121094
48.04999923706055,48.650001525878906,47.650001525878906,47.900001525878906,536300,47.900001525878906
47.75,48.70000076293945,47.349998474121094,48.599998474121094,674800,48.599998474121094
48.400001525878906,49.04999923706055,47.75,48.599998474121094,792800,48.599998474121094
48.97999954223633,49.0,47.84000015258789,48.61000061035156,911700,48.61000061035156
48.9900016784668,49.9900016784668,48.68000030517578,49.5,2043000,49.5
49.4900016784668,50.63999938964844,49.4900016784668,49.70000076293945,1220600,49.70000076293945
49.61000061035156,49.79999923706055,48.56999969482422,48.70000076293945,599000,48.70000076293945
49.02000045776367,49.07600021362305,43.900001525878906,44.54999923706055,3087500,44.54999923706055
44.40999984741211,44.689998626708984,43.19499969482422,44.63999938964844,1935400,44.63999938964844
44.189998626708984,46.97999954223633,44.189998626708984,46.77000045776367,1144900,46.77000045776367
46.63999938964844,47.220001220703125,45.630001068115234,45.720001220703125,1248900,45.720001220703125
45.47999954223633,46.31999969482422,44.97999954223633,45.43000030517578,1002600,45.43000030517578
46.459999084472656,46.65999984741211,44.439998626708984,45.7400016784668,714400,45.7400016784668
45.619998931884766,46.33000183105469,44.7599983215332,45.70000076293945,396200,45.70000076293945
45.970001220703125,47.7400016784668,45.38999938964844,47.66999816894531,884300,47.66999816894531
47.63999938964844,48.790000915527344,46.41999816894531,47.439998626708984,1111800,47.439998626708984
47.20000076293945,47.90999984741211,46.7400016784668,47.2599983215332,1003600,47.2599983215332
47.279998779296875,47.70000076293945,44.130001068115234,44.33000183105469,1393300,44.33000183105469
44.630001068115234,44.76100158691406,41.630001068115234,41.72999954223633,1347400,41.72999954223633
41.150001525878906,41.17499923706055,38.90999984741211,40.040000915527344,2079000,40.040000915527344
40.040000915527344,40.209999084472656,37.86000061035156,37.939998626708984,2658100,37.939998626708984
38.209999084472656,39.60499954223633,37.939998626708984,39.369998931884766,2145100,39.369998931884766
38.650001525878906,39.018001556396484,36.290000915527344,36.5099983215332,2069100,36.5099983215332
36.650001525878906,37.11000061035156,32.4900016784668,32.81999969482422,3330900,32.81999969482422
32.81999969482422,35.08000183105469,31.959999084472656,34.88999938964844,2777600,34.88999938964844
35.56999969482422,37.290000915527344,35.40999984741211,36.5,2003000,36.5
36.43000030517578,38.654998779296875,36.0099983215332,38.189998626708984,1453300,38.189998626708984
38.45000076293945,39.68000030517578,37.45000076293945,38.529998779296875,1153700,38.529998779296875
38.540000915527344,38.54999923706055,36.5,37.0,1021300,37.0
37.189998626708984,37.66999816894531,36.65999984741211,37.25,649600,37.25
37.349998474121094,38.400001525878906,36.029998779296875,37.79999923706055,1005700,37.79999923706055
37.400001525878906,39.040000915527344,36.58000183105469,38.88999938964844,2542800,38.88999938964844
40.5,41.900001525878906,35.44499969482422,36.720001220703125,3545100,36.720001220703125
36.369998931884766,37.20000076293945,32.779998779296875,33.029998779296875,2074300,33.029998779296875
33.209999084472656,35.93000030517578,33.209999084472656,35.0,2866600,35.0
35.7599983215332,37.790000915527344,35.54999923706055,36.13999938964844,1749000,36.13999938964844
35.70000076293945,37.779998779296875,35.5099983215332,37.54999923706055,1357500,37.54999923706055
37.720001220703125,38.04999923706055,36.68000030517578,37.36000061035156,1196300,37.36000061035156
37.43000030517578,37.5,35.154998779296875,35.630001068115234,1042800,35.630001068115234
34.79999923706055,34.79999923706055,32.91999816894531,33.52000045776367,1620200,33.52000045776367
34.0,36.13999938964844,33.88999938964844,35.83000183105469,747500,35.83000183105469
35.25,36.86000061035156,35.25,35.849998474121094,258600,35.849998474121094
36.33000183105469,39.439998626708984,36.33000183105469,39.380001068115234,2054900,39.380001068115234
39.2599983215332,40.38999938964844,38.970001220703125,40.29999923706055,989000,40.29999923706055
40.58000183105469,43.130001068115234,40.45000076293945,43.0,1273000,43.0
42.779998779296875,43.974998474121094,41.869998931884766,43.90999984741211,1356000,43.90999984741211
43.68000030517578,44.290000915527344,42.97999954223633,43.97999954223633,1070500,43.97999954223633
44.77000045776367,45.58000183105469,41.939998626708984,42.529998779296875,1692200,42.529998779296875
42.689998626708984,43.02000045776367,40.63999938964844,40.95000076293945,1214000,40.95000076293945
39.93000030517578,40.65999984741211,38.900001525878906,40.27000045776367,957600,40.27000045776367
40.290000915527344,40.95000076293945,37.720001220703125,38.369998931884766,753000,38.369998931884766
38.220001220703125,39.46500015258789,37.4900016784668,38.5,819800,38.5
39.470001220703125,39.91999816894531,37.540000915527344,37.56999969482422,766800,37.56999969482422
38.15999984741211,40.029998779296875,38.15999984741211,39.279998779296875,837300,39.279998779296875
39.68000030517578,39.9900016784668,37.369998931884766,37.40999984741211,624100,37.40999984741211
36.0,37.22999954223633,36.0,36.439998626708984,1195900,36.439998626708984
36.439998626708984,38.20000076293945,35.11000061035156,37.08000183105469,1140300,37.08000183105469
37.56999969482422,38.54999923706055,36.59000015258789,37.060001373291016,907800,37.060001373291016
38.150001525878906,39.029998779296875,34.91999816894531,35.09000015258789,1302100,35.09000015258789
35.15999984741211,35.95000076293945,33.939998626708984,34.529998779296875,1797100,34.529998779296875
34.630001068115234,35.45000076293945,33.36000061035156,33.529998779296875,2169800,33.529998779296875
32.75,33.34000015258789,31.864999771118164,32.29999923706055,711800,32.29999923706055
32.650001525878906,35.380001068115234,32.494998931884766,35.279998779296875,781400,35.279998779296875
33.709999084472656,35.45000076293945,33.2599983215332,35.439998626708984,686200,35.439998626708984
35.650001525878906,36.52000045776367,34.810001373291016,35.7400016784668,777600,35.7400016784668
36.08000183105469,36.70000076293945,34.7599983215332,36.209999084472656,813800,36.209999084472656
35.43000030517578,38.2400016784668,34.63999938964844,37.95000076293945,830500,37.95000076293945
37.310001373291016,38.41999816894531,36.720001220703125,37.380001068115234,856200,37.380001068115234
38.279998779296875,39.58000183105469,36.869998931884766,39.45000076293945,1066500,39.45000076293945
39.869998931884766,41.18000030517578,39.220001220703125,40.79999923706055,1084500,40.79999923706055
41.27000045776367,42.20000076293945,40.56999969482422,42.18000030517578,855900,42.18000030517578
42.380001068115234,42.72999954223633,41.11000061035156,42.150001525878906,1580600,42.150001525878906
41.95000076293945,42.79999923706055,41.279998779296875,42.68000030517578,1117100,42.68000030517578
42.41999816894531,43.34000015258789,41.88999938964844,42.849998474121094,1062700,42.849998474121094
42.52000045776367,42.83000183105469,41.779998779296875,42.060001373291016,611100,42.060001373291016
42.06999969482422,42.33000183105469,41.19599914550781,42.040000915527344,1001800,42.040000915527344
42.150001525878906,43.2599983215332,42.06999969482422,42.689998626708984,774900,42.689998626708984
42.25,43.29999923706055,41.27000045776367,42.939998626708984,997300,42.939998626708984
42.86000061035156,44.599998474121094,42.0099983215332,44.380001068115234,1644800,44.380001068115234
44.220001220703125,44.68000030517578,42.86000061035156,43.65999984741211,878600,43.65999984741211
43.86000061035156,44.5099983215332,42.939998626708984,43.33000183105469,731300,43.33000183105469
43.40999984741211,44.689998626708984,43.369998931884766,43.72999954223633,770400,43.72999954223633
44.279998779296875,44.689998626708984,43.97999954223633,44.38999938964844,629400,44.38999938964844
43.900001525878906,45.0,43.369998931884766,44.560001373291016,845900,44.560001373291016
44.66999816894531,44.97999954223633,44.06999969482422,44.11000061035156,482300,44.11000061035156
44.540000915527344,45.25,44.349998474121094,44.90999984741211,806200,44.90999984741211
44.970001220703125,46.68000030517578,44.72999954223633,46.619998931884766,1072000,46.619998931884766
46.65999984741211,47.279998779296875,45.84000015258789,46.380001068115234,802800,46.380001068115234
46.7400016784668,47.310001373291016,46.06999969482422,46.779998779296875,614600,46.779998779296875
46.790000915527344,47.15999984741211,45.689998626708984,46.63999938964844,652400,46.63999938964844
46.709999084472656,47.279998779296875,46.374000549316406,46.93000030517578,405800,46.93000030517578
46.400001525878906,46.86000061035156,45.470001220703125,46.459999084472656,683000,46.459999084472656
46.13999938964844,46.77000045776367,44.89099884033203,45.84000015258789,550600,45.84000015258789
46.06999969482422,46.65999984741211,45.404998779296875,46.560001373291016,584900,46.560001373291016
46.900001525878906,47.5,46.56999969482422,47.41999816894531,499900,47.41999816894531
47.77000045776367,48.13999938964844,46.90999984741211,47.70000076293945,562700,47.70000076293945
47.25,47.880001068115234,46.41999816894531,47.52000045776367,1294000,47.52000045776367
47.7400016784668,48.54499816894531,47.18000030517578,47.68000030517578,680500,47.68000030517578
47.66999816894531,48.16999816894531,47.47999954223633,47.869998931884766,426200,47.869998931884766
48.02000045776367,48.189998626708984,47.150001525878906,47.439998626708984,447100,47.439998626708984
47.45000076293945,48.06999969482422,46.83000183105469,47.349998474121094,488900,47.349998474121094
47.29999923706055,48.709999084472656,47.29999923706055,48.65999984741211,518800,48.65999984741211
48.939998626708984,49.2400016784668,48.040000915527344,48.09000015258789,634900,48.09000015258789
47.939998626708984,48.220001220703125,47.2599983215332,47.459999084472656,875100,47.459999084472656
47.25,47.744998931884766,46.970001220703125,47.47999954223633,1011800,47.47999954223633
45.959999084472656,50.970001220703125,45.959999084472656,48.209999084472656,2767500,48.209999084472656
48.40999984741211,48.83000183105469,46.869998931884766,47.959999084472656,794100,47.959999084472656
48.02000045776367,48.400001525878906,46.31999969482422,46.77000045776367,711600,46.77000045776367
46.900001525878906,46.93000030517578,45.5,45.959999084472656,776300,45.959999084472656
46.0099983215332,46.5099983215332,44.88999938964844,45.0,610500,45.0
44.86000061035156,44.86000061035156,43.7599983215332,44.52000045776367,739000,44.52000045776367
44.06999969482422,46.0099983215332,43.79999923706055,45.779998779296875,825100,45.779998779296875
45.86000061035156,47.83000183105469,45.86000061035156,47.709999084472656,763000,47.709999084472656
47.61000061035156,47.86000061035156,46.65999984741211,46.70000076293945,493500,46.70000076293945
46.91999816894531,47.59000015258789,46.40999984741211,46.439998626708984,634000,46.439998626708984
46.47999954223633,46.4900016784668,45.11000061035156,46.38999938964844,595400,46.38999938964844
46.5099983215332,47.61000061035156,46.09000015258789,46.5,997700,46.5
47.04999923706055,47.16999816894531,44.81999969482422,45.599998474121094,1762800,45.599998474121094
45.630001068115234,46.83000183105469,45.5,46.15999984741211,749700,46.15999984741211
46.099998474121094,48.349998474121094,46.099998474121094,48.189998626708984,1363300,48.189998626708984
48.08000183105469,50.560001373291016,47.80799865722656,50.06999969482422,1074400,50.06999969482422
49.95000076293945,50.150001525878906,48.4900016784668,49.65999984741211,1032600,49.65999984741211
49.65999984741211,50.689998626708984,49.11000061035156,49.7400016784668,641400,49.7400016784668
50.02000045776367,51.04999923706055,48.599998474121094,49.150001525878906,659100,49.150001525878906
49.119998931884766,49.119998931884766,46.66999816894531,48.0,703700,48.0
48.290000915527344,48.917999267578125,46.7400016784668,46.959999084472656,1221700,46.959999084472656
47.34000015258789,48.25,46.16999816894531,46.689998626708984,1959200,46.689998626708984
47.220001220703125,48.72999954223633,46.95500183105469,48.58000183105469,919100,48.58000183105469
48.43000030517578,48.790000915527344,47.33100128173828,47.869998931884766,826600,47.869998931884766
48.400001525878906,48.599998474121094,47.5099983215332,47.59000015258789,400100,47.59000015258789
47.5,48.380001068115234,47.5,47.91999816894531,472300,47.91999816894531
48.04999923706055,48.9900016784668,48.04999923706055,48.61000061035156,431000,48.61000061035156
48.540000915527344,48.709999084472656,47.72999954223633,48.189998626708984,505000,48.189998626708984
47.97999954223633,48.007999420166016,46.959999084472656,47.189998626708984,438000,47.189998626708984
47.25,48.720001220703125,47.209999084472656,48.31999969482422,405600,48.31999969482422
48.54999923706055,49.5,48.27000045776367,48.970001220703125,557200,48.970001220703125
49.16999816894531,49.72999954223633,48.63999938964844,49.619998931884766,650500,49.619998931884766
49.47999954223633,49.619998931884766,48.0,49.22999954223633,640500,49.22999954223633
48.900001525878906,49.72999954223633,48.25,49.58000183105469,636900,49.58000183105469
49.630001068115234,50.36000061035156,49.31800079345703,50.029998779296875,665900,50.029998779296875
49.880001068115234,50.41999816894531,49.0099983215332,50.060001373291016,874600,50.060001373291016
49.619998931884766,50.130001068115234,49.28099822998047,49.83000183105469,383300,49.83000183105469
50.040000915527344,50.939998626708984,49.779998779296875,50.63999938964844,619600,50.63999938964844
50.52000045776367,50.939998626708984,50.11000061035156,50.599998474121094,348000,50.599998474121094
50.689998626708984,51.0,49.130001068115234,49.869998931884766,496900,49.869998931884766
49.970001220703125,51.13999938964844,49.5,50.97999954223633,339400,50.97999954223633
50.86000061035156,51.66999816894531,50.56999969482422,50.59000015258789,700000,50.59000015258789
50.45000076293945,50.5,48.810001373291016,49.369998931884766,564700,49.369998931884766
49.77000045776367,49.86000061035156,47.72999954223633,47.83000183105469,806700,47.83000183105469
48.0099983215332,48.849998474121094,47.09700012207031,48.34000015258789,1049900,48.34000015258789
50.0099983215332,50.06999969482422,47.209999084472656,49.650001525878906,1121600,49.650001525878906
48.209999084472656,49.09000015258789,47.7599983215332,48.400001525878906,1514500,48.400001525878906
47.70000076293945,48.0,45.70000076293945,46.45000076293945,865200,46.45000076293945
46.279998779296875,47.54999923706055,45.869998931884766,47.2599983215332,472200,47.2599983215332
46.56999969482422,48.099998474121094,45.630001068115234,47.810001373291016,579000,47.810001373291016
47.45000076293945,48.54999923706055,46.18000030517578,48.27000045776367,510900,48.27000045776367
46.630001068115234,47.310001373291016,45.81999969482422,46.13999938964844,530600,46.13999938964844
46.40999984741211,46.810001373291016,45.83000183105469,46.439998626708984,486000,46.439998626708984
45.869998931884766,48.720001220703125,45.40999984741211,48.220001220703125,665300,48.220001220703125
48.220001220703125,49.63999938964844,48.220001220703125,48.70000076293945,449100,48.70000076293945
48.189998626708984,49.470001220703125,48.13999938964844,48.459999084472656,589600,48.459999084472656
47.84000015258789,49.275001525878906,47.5099983215332,49.08000183105469,714000,49.08000183105469
49.27000045776367,50.22999954223633,48.83000183105469,49.02000045776367,513100,49.02000045776367
48.7400016784668,49.349998474121094,48.0,48.38999938964844,344200,48.38999938964844
47.66999816894531,48.880001068115234,47.349998474121094,48.59000015258789,495600,48.59000015258789
49.0099983215332,49.56999969482422,48.02000045776367,48.11000061035156,362100,48.11000061035156
48.369998931884766,48.91999816894531,47.70000076293945,48.060001373291016,505700,48.060001373291016
47.75,50.17499923706055,47.577999114990234,49.880001068115234,875700,49.880001068115234
50.189998626708984,50.22999954223633,48.45000076293945,49.560001373291016,659900,49.560001373291016
48.77000045776367,50.880001068115234,48.310001373291016,49.16999816894531,950800,49.16999816894531
48.810001373291016,48.97999954223633,45.619998931884766,46.04999923706055,959600,46.04999923706055
46.84000015258789,48.2400016784668,46.08000183105469,48.150001525878906,870300,48.150001525878906
48.88999938964844,49.33000183105469,47.43000030517578,49.2599983215332,558400,49.2599983215332
49.43000030517578,49.84000015258789,48.439998626708984,49.779998779296875,451900,49.779998779296875
51.0,52.4900016784668,50.5,52.060001373291016,1576000,52.060001373291016
52.25,53.209999084472656,51.869998931884766,52.16999816894531,796400,52.16999816894531
52.97999954223633,53.06999969482422,51.27000045776367,52.18000030517578,423900,52.18000030517578
51.959999084472656,52.43000030517578,50.27000045776367,51.58000183105469,595800,51.58000183105469
52.0,52.939998626708984,51.814998626708984,52.34000015258789,588400,52.34000015258789
51.88999938964844,52.470001220703125,51.630001068115234,51.70000076293945,655600,51.70000076293945
52.11000061035156,53.38999938964844,51.18000030517578,53.18000030517578,693900,53.18000030517578
54.040000915527344,54.415000915527344,52.38999938964844,53.02000045776367,682800,53.02000045776367
53.220001220703125,53.50299835205078,52.61000061035156,53.27000045776367,490600,53.27000045776367
54.209999084472656,54.9900016784668,52.099998474121094,52.720001220703125,720300,52.720001220703125
52.0,52.439998626708984,50.959999084472656,51.220001220703125,1189800,51.220001220703125
46.5099983215332,47.65999984741211,43.900001525878906,45.77000045776367,19359300,45.77000045776367
45.77000045776367,45.77000045776367,43.040000915527344,43.810001373291016,8504700,43.810001373291016
44.38999938964844,45.48899841308594,43.63999938964844,43.900001525878906,3925500,43.900001525878906
43.880001068115234,45.06999969482422,43.849998474121094,44.720001220703125,4093500,44.720001220703125
44.60499954223633,46.779998779296875,43.58000183105469,46.06999969482422,3917900,46.06999969482422
47.290000915527344,48.02000045776367,46.84000015258789,47.63999938964844,4181300,47.63999938964844
47.619998931884766,48.61000061035156,47.16999816894531,48.38999938964844,2295800,48.38999938964844
48.810001373291016,49.119998931884766,48.35900115966797,49.02000045776367,1038600,49.02000045776367
48.939998626708984,49.93000030517578,48.61000061035156,49.56999969482422,1299800,49.56999969482422
49.290000915527344,49.459999084472656,48.47999954223633,48.790000915527344,1448300,48.790000915527344
48.38999938964844,48.720001220703125,47.72999954223633,48.189998626708984,3494600,48.189998626708984
48.34000015258789,48.810001373291016,47.2400016784668,47.349998474121094,2126300,47.349998474121094
47.2400016784668,47.65999984741211,45.209999084472656,45.540000915527344,2404100,45.540000915527344
45.63999938964844,45.994998931884766,44.869998931884766,45.560001373291016,1908200,45.560001373291016
45.529998779296875,46.58000183105469,45.349998474121094,45.56999969482422,861300,45.56999969482422
45.58000183105469,46.720001220703125,45.5099983215332,46.560001373291016,1332300,46.560001373291016
46.56999969482422,46.7599983215332,45.560001373291016,45.72999954223633,1280700,45.72999954223633
45.560001373291016,46.11000061035156,45.150001525878906,45.47999954223633,1487800,45.47999954223633
45.36000061035156,45.689998626708984,44.38999938964844,44.52000045776367,1732100,44.52000045776367
44.439998626708984,44.9900016784668,43.5,43.709999084472656,1262100,43.709999084472656
43.95000076293945,44.21500015258789,43.40999984741211,44.06999969482422,1209700,44.06999969482422
43.65999984741211,45.470001220703125,43.40999984741211,45.400001525878906,1316000,45.400001525878906
45.06999969482422,45.869998931884766,44.33000183105469,44.439998626708984,759900,44.439998626708984
44.869998931884766,45.880001068115234,44.62699890136719,45.83000183105469,1012200,45.83000183105469
45.65999984741211,45.869998931884766,44.78200149536133,45.09000015258789,1034000,45.09000015258789
44.849998474121094,46.8849983215332,44.5,46.709999084472656,1713500,46.709999084472656
46.959999084472656,47.099998474121094,44.33000183105469,45.119998931884766,2959900,45.119998931884766
45.150001525878906,46.310001373291016,43.709999084472656,44.0,1792500,44.0
43.61000061035156,43.83000183105469,42.220001220703125,43.130001068115234,1247700,43.130001068115234
42.119998931884766,42.4010009765625,40.970001220703125,41.709999084472656,2679200,41.709999084472656
41.119998931884766,42.400001525878906,39.599998474121094,40.45000076293945,3587600,40.45000076293945
40.040000915527344,41.93000030517578,39.459999084472656,40.650001525878906,2583300,40.650001525878906
41.0,42.06999969482422,39.9900016784668,40.790000915527344,1620500,40.790000915527344
40.41999816894531,41.130001068115234,40.25,40.380001068115234,879200,40.380001068115234
40.0099983215332,40.2599983215332,39.22999954223633,39.27000045776367,1518900,39.27000045776367
39.959999084472656,40.869998931884766,39.70000076293945,40.560001373291016,990400,40.560001373291016
39.650001525878906,39.90999984741211,38.900001525878906,39.459999084472656,1312300,39.459999084472656
39.7400016784668,39.970001220703125,38.68000030517578,39.25,1298900,39.25
39.619998931884766,40.220001220703125,39.27000045776367,40.029998779296875,1009700,40.029998779296875
41.119998931884766,41.15999984741211,39.689998626708984,39.72999954223633,963700,39.72999954223633
39.4900016784668,40.15999984741211,39.4900016784668,39.9900016784668,891100,39.9900016784668
40.47999954223633,41.04999923706055,39.935001373291016,40.619998931884766,920100,40.619998931884766
40.86000061035156,41.34000015258789,39.9900016784668,40.040000915527344,671900,40.040000915527344
39.59000015258789,39.90999984741211,37.86000061035156,37.880001068115234,1910700,37.880001068115234
38.349998474121094,39.25,37.61000061035156,39.029998779296875,802600,39.029998779296875
39.29999923706055,39.86000061035156,37.220001220703125,37.310001373291016,1389000,37.310001373291016
37.29999923706055,38.66999816894531,36.20000076293945,38.099998474121094,1004800,38.099998474121094
38.36000061035156,39.040000915527344,38.26499938964844,38.70000076293945,1427300,38.70000076293945
38.869998931884766,39.10499954223633,38.0,38.5099983215332,686200,38.5099983215332
37.54999923706055,38.04999923706055,35.40999984741211,35.41999816894531,2661400,35.41999816894531
36.84000015258789,38.06999969482422,36.06999969482422,38.04999923706055,3243100,38.04999923706055
38.86000061035156,39.5099983215332,38.619998931884766,39.04999923706055,1312900,39.04999923706055
39.0,39.619998931884766,38.630001068115234,39.0,1553100,39.0
39.04999923706055,39.59000015258789,39.04999923706055,39.4900016784668,1873000,39.4900016784668
39.099998474121094,41.40999984741211,38.900001525878906,40.7400016784668,2089800,40.7400016784668
40.90999984741211,43.58000183105469,40.83000183105469,42.599998474121094,3333100,42.599998474121094
42.83000183105469,43.22999954223633,41.34000015258789,42.90999984741211,1364100,42.90999984741211
43.029998779296875,43.939998626708984,42.54999923706055,43.25,1165200,43.25
42.959999084472656,43.709999084472656,42.38999938964844,43.33000183105469,1033300,43.33000183105469
43.119998931884766,43.119998931884766,42.15999984741211,42.97999954223633,855600,42.97999954223633
42.79999923706055,43.645999908447266,42.70000076293945,43.310001373291016,1068700,43.310001373291016
43.52000045776367,43.72999954223633,42.79999923706055,42.9900016784668,1323200,42.9900016784668
42.970001220703125,43.97999954223633,42.45000076293945,43.18000030517578,1730900,43.18000030517578
43.02000045776367,43.779998779296875,42.529998779296875,42.599998474121094,1241800,42.599998474121094
42.70000076293945,42.895999908447266,40.599998474121094,41.2400016784668,1758000,41.2400016784668
40.84000015258789,40.959999084472656,39.63999938964844,40.45000076293945,1354700,40.45000076293945
40.209999084472656,40.2599983215332,38.189998626708984,39.47999954223633,2231700,39.47999954223633
39.459999084472656,39.779998779296875,38.290000915527344,38.560001373291016,1264600,38.560001373291016
38.59000015258789,40.099998474121094,38.18000030517578,39.869998931884766,1728200,39.869998931884766
39.90999984741211,41.099998474121094,38.43000030517578,40.08000183105469,1142000,40.08000183105469
39.81999969482422,39.959999084472656,38.849998474121094,39.84000015258789,1154300,39.84000015258789
39.810001373291016,40.16999816894531,38.560001373291016,39.310001373291016,2093500,39.310001373291016
39.380001068115234,39.599998474121094,38.41999816894531,39.099998474121094,1425000,39.099998474121094
38.81999969482422,40.06999969482422,37.95000076293945,39.81999969482422,1115400,39.81999969482422
39.099998474121094,39.849998474121094,38.641998291015625,38.970001220703125,3473600,38.970001220703125
39.18000030517578,39.5,38.86000061035156,39.09000015258789,847300,39.09000015258789
39.27000045776367,40.314998626708984,38.83000183105469,40.060001373291016,1525300,40.060001373291016
40.790000915527344,42.31999969482422,40.650001525878906,42.209999084472656,2174900,42.209999084472656
42.18000030517578,42.54999923706055,41.5,42.369998931884766,842100,42.369998931884766
42.66999816894531,43.279998779296875,42.2599983215332,42.86000061035156,1506800,42.86000061035156
42.58000183105469,43.099998474121094,41.369998931884766,42.810001373291016,1255400,42.810001373291016
43.130001068115234,43.18000030517578,42.529998779296875,42.900001525878906,912500,42.900001525878906
42.779998779296875,43.33000183105469,42.439998626708984,43.040000915527344,1362700,43.040000915527344
43.45000076293945,43.540000915527344,42.58000183105469,43.400001525878906,828000,43.400001525878906
43.61000061035156,43.94499969482422,43.150001525878906,43.59000015258789,927800,43.59000015258789
43.4900016784668,43.939998626708984,42.7599983215332,43.900001525878906,1285500,43.900001525878906
44.060001373291016,44.58000183105469,43.970001220703125,44.33000183105469,1129700,44.33000183105469
44.220001220703125,45.2599983215332,44.029998779296875,45.029998779296875,2014400,45.029998779296875
45.029998779296875,45.45000076293945,44.869998931884766,45.08000183105469,741400,45.08000183105469
44.72999954223633,45.22999954223633,44.709999084472656,44.869998931884766,959100,44.869998931884766
44.63999938964844,45.119998931884766,43.54999923706055,44.349998474121094,910200,44.349998474121094
44.5,44.84000015258789,43.400001525878906,44.77000045776367,1945900,44.77000045776367
45.02000045776367,46.11000061035156,44.33000183105469,46.060001373291016,1238300,46.060001373291016
46.45000076293945,47.064998626708984,46.099998474121094,46.84000015258789,1955700,46.84000015258789
47.09000015258789,47.13999938964844,46.06999969482422,46.15999984741211,1404300,46.15999984741211
47.5,47.5,46.130001068115234,46.90999984741211,1976300,46.90999984741211
47.5,50.4900016784668,47.0,50.43000030517578,3534200,50.43000030517578
50.47999954223633,51.16999816894531,49.70000076293945,50.08000183105469,1720500,50.08000183105469
49.650001525878906,51.560001373291016,49.513999938964844,51.5,1235200,51.5
51.41999816894531,52.04999923706055,50.87799835205078,50.97999954223633,922900,50.97999954223633
50.79999923706055,51.189998626708984,50.099998474121094,50.779998779296875,1083100,50.779998779296875
50.79999923706055,51.619998931884766,50.63999938964844,51.16999816894531,989300,51.16999816894531
51.5,52.11000061035156,50.880001068115234,52.060001373291016,1364600,52.060001373291016
52.29999923706055,53.5099983215332,52.29999923706055,53.400001525878906,1353100,53.400001525878906
54.04999923706055,54.4630012512207,53.22999954223633,53.650001525878906,1599300,53.650001525878906
53.61000061035156,54.31999969482422,52.54999923706055,53.41999816894531,1513200,53.41999816894531
53.66999816894531,53.66999816894531,52.779998779296875,53.150001525878906,944800,53.150001525878906
53.540000915527344,53.77000045776367,52.650001525878906,53.0,894100,53.0
53.29999923706055,54.439998626708984,53.29999923706055,54.09000015258789,968800,54.09000015258789
54.0099983215332,54.33000183105469,53.58000183105469,53.68000030517578,1381600,53.68000030517578
53.869998931884766,54.029998779296875,53.45000076293945,53.84000015258789,749000,53.84000015258789
53.75,54.06999969482422,53.220001220703125,53.5099983215332,441900,53.5099983215332
53.459999084472656,53.939998626708984,52.5,52.70000076293945,1111200,52.70000076293945
52.0,52.814998626708984,51.38999938964844,52.709999084472656,1236100,52.709999084472656
52.84000015258789,52.959999084472656,52.400001525878906,52.70000076293945,1330100,52.70000076293945
52.970001220703125,52.970001220703125,51.709999084472656,51.88999938964844,1095900,51.88999938964844
52.650001525878906,53.650001525878906,52.20000076293945,53.55500030517578,941800,53.55500030517578
53.06999969482422,53.54999923706055,52.45000076293945,52.91999816894531,1332600,52.91999816894531
52.75,52.97999954223633,52.5099983215332,52.75,791000,52.75
52.93000030517578,53.75,52.45000076293945,52.84000015258789,902500,52.84000015258789
53.119998931884766,54.90999984741211,52.91999816894531,54.849998474121094,1239000,54.849998474121094
54.630001068115234,55.7599983215332,54.150001525878906,54.88999938964844,800100,54.88999938964844
55.369998931884766,56.09000015258789,55.08000183105469,55.70000076293945,2371600,55.70000076293945
55.61000061035156,56.856998443603516,55.36000061035156,56.790000915527344,1616300,56.790000915527344
56.90999984741211,57.56999969482422,56.529998779296875,57.2400016784668,856600,57.2400016784668
57.459999084472656,58.150001525878906,57.220001220703125,57.90999984741211,694200,57.90999984741211
58.09000015258789,58.529998779296875,57.22999954223633,57.650001525878906,1981200,57.650001525878906
57.880001068115234,59.09000015258789,57.63999938964844,59.09000015258789,953100,59.09000015258789
59.08000183105469,59.34000015258789,58.744998931884766,59.18000030517578,440100,59.18000030517578
59.11000061035156,59.32500076293945,58.72999954223633,59.060001373291016,874100,59.060001373291016
59.27000045776367,59.5,58.380001068115234,59.15999984741211,395000,59.15999984741211
59.27000045776367,59.540000915527344,58.29999923706055,59.0099983215332,2194400,59.0099983215332
58.86000061035156,59.91999816894531,58.86000061035156,59.63999938964844,1656400,59.63999938964844
60.2599983215332,60.33000183105469,59.16999816894531,59.5099983215332,1576400,59.5099983215332
58.7599983215332,59.07500076293945,57.345001220703125,58.0099983215332,2282700,58.0099983215332
57.40999984741211,58.91999816894531,57.0,58.79999923706055,1619600,58.79999923706055
58.79999923706055,59.45500183105469,57.97999954223633,59.33000183105469,1957500,59.33000183105469
59.529998779296875,59.86000061035156,58.45000076293945,59.529998779296875,1275200,59.529998779296875
59.959999084472656,60.2599983215332,59.220001220703125,59.290000915527344,1465400,59.290000915527344
59.40999984741211,59.42599868774414,58.20100021362305,58.45000076293945,1426200,58.45000076293945
58.65999984741211,59.59000015258789,57.96500015258789,59.34000015258789,950800,59.34000015258789
59.25,59.68000030517578,58.68000030517578,58.970001220703125,1358100,58.970001220703125
58.970001220703125,59.90999984741211,58.59000015258789,58.81999969482422,1140500,58.81999969482422
59.29999923706055,60.77000045776367,59.21500015258789,60.54999923706055,1672800,60.54999923706055
61.0,61.54999923706055,60.4900016784668,61.34000015258789,2145300,61.34000015258789
61.0,61.11000061035156,59.42100143432617,59.5,1956300,59.5
59.970001220703125,60.650001525878906,59.7400016784668,60.27000045776367,1359800,60.27000045776367
59.709999084472656,61.0099983215332,58.83000183105469,60.63999938964844,1072300,60.63999938964844
60.93000030517578,60.93000030517578,58.130001068115234,59.20000076293945,1744600,59.20000076293945
57.13999938964844,59.06999969482422,56.970001220703125,57.95000076293945,1300800,57.95000076293945
58.47999954223633,59.959999084472656,57.834999084472656,59.119998931884766,1004300,59.119998931884766
59.41999816894531,61.2599983215332,59.374000549316406,60.77000045776367,1485500,60.77000045776367
59.900001525878906,61.54999923706055,59.61000061035156,60.849998474121094,853600,60.849998474121094
60.63999938964844,61.0099983215332,59.2400016784668,59.779998779296875,1381200,59.779998779296875
60.290000915527344,61.189998626708984,59.91999816894531,60.900001525878906,850800,60.900001525878906
62.279998779296875,63.02000045776367,61.529998779296875,62.70000076293945,1308600,62.70000076293945
63.63999938964844,64.05000305175781,62.630001068115234,63.540000915527344,1051600,63.540000915527344
63.970001220703125,64.31999969482422,63.28499984741211,63.61000061035156,1117800,63.61000061035156
63.029998779296875,63.16999816894531,61.95000076293945,62.29999923706055,1457700,62.29999923706055
61.93000030517578,64.44999694824219,61.5,64.16000366210938,1697100,64.16000366210938
64.75,65.83000183105469,64.41999816894531,65.5,1246700,65.5
66.29000091552734,67.0199966430664,66.08000183105469,66.41000366210938,1361900,66.41000366210938
65.88999938964844,68.06999969482422,65.51000213623047,68.01000213623047,1179800,68.01000213623047
68.0999984741211,69.1500015258789,67.26000213623047,68.93000030517578,727200,68.93000030517578
68.69999694824219,69.56999969482422,68.37000274658203,68.81999969482422,710700,68.81999969482422
69.41000366210938,70.11000061035156,69.22000122070312,69.44999694824219,1159000,69.44999694824219
69.08000183105469,70.73999786376953,67.93000030517578,69.47000122070312,1229100,69.47000122070312
69.45999908447266,69.45999908447266,67.27999877929688,68.12000274658203,1863600,68.12000274658203
65.5199966430664,66.25,62.959999084472656,62.9900016784668,2348800,62.9900016784668
63.43000030517578,64.38999938964844,55.540000915527344,55.619998931884766,4219400,55.619998931884766
55.97999954223633,57.52000045776367,49.04999923706055,51.400001525878906,6324500,51.400001525878906
51.77000045776367,54.060001373291016,47.36000061035156,49.880001068115234,6133500,49.880001068115234
48.45000076293945,50.63999938964844,46.70000076293945,50.18000030517578,5135600,50.18000030517578
50.150001525878906,50.20000076293945,42.2599983215332,45.43000030517578,7779300,45.43000030517578
45.97999954223633,48.59000015258789,41.59000015258789,41.650001525878906,4283900,41.650001525878906
42.65999984741211,43.16999816894531,40.040000915527344,41.119998931884766,6892800,41.119998931884766
39.779998779296875,40.20000076293945,34.27000045776367,34.7400016784668,7631800,34.7400016784668
33.16999816894531,36.470001220703125,31.809999465942383,33.650001525878906,7146100,33.650001525878906
28.989999771118164,30.799999237060547,25.389999389648438,26.440000534057617,7605500,26.440000534057617
28.1200008392334,29.829999923706055,25.34000015258789,29.049999237060547,6129700,29.049999237060547
27.56999969482422,27.889999389648438,22.90999984741211,24.770000457763672,8156500,24.770000457763672
21.7549991607666,21.7549991607666,14.65999984741211,15.479999542236328,10808900,15.479999542236328
18.81999969482422,19.799999237060547,15.010000228881836,18.219999313354492,7935100,18.219999313354492
14.380000114440918,15.930000305175781,13.710000038146973,13.779999732971191,7254100,13.779999732971191
14.800000190734863,15.640000343322754,9.755000114440918,10.09000015258789,12166100,10.09000015258789
8.670000076293945,8.670000076293945,6.019999980926514,7.099999904632568,10974900,7.099999904632568
7.159999847412109,9.960000038146973,6.619999885559082,7.769999980926514,9774500,7.769999980926514
8.510000228881836,12.0,8.5,8.819999694824219,12707900,8.819999694824219
9.34000015258789,10.5600004196167,8.510000228881836,10.4399995803833,7982800,10.4399995803833
13.880000114440918,15.670000076293945,12.489999771118164,15.050000190734863,9505000,15.050000190734863
18.0,20.270000457763672,15.5600004196167,16.690000534057617,10151300,16.690000534057617
17.0,19.860000610351562,16.049999237060547,16.790000915527344,7000900,16.790000915527344
16.0,16.579999923706055,14.270000457763672,15.140000343322754,4233400,15.140000343322754
13.600000381469727,13.6899995803833,10.010000228881836,12.050000190734863,12045400,12.050000190734863
12.710000038146973,15.239999771118164,12.029999732971191,14.399999618530273,11941600,14.399999618530273
13.680000305175781,13.774999618530273,11.359999656677246,11.6899995803833,6823800,11.6899995803833
11.539999961853027,12.229999542236328,10.3100004196167,10.670000076293945,6523000,10.670000076293945
10.90999984741211,11.109999656677246,9.569999694824219,10.15999984741211,6825500,10.15999984741211
11.420000076293945,14.5,11.359999656677246,14.029999732971191,11321300,14.029999732971191
17.389999389648438,18.299999237060547,14.600000381469727,15.109999656677246,10800300,15.109999656677246
16.200000762939453,18.350000381469727,15.609999656677246,18.149999618530273,10231500,18.149999618530273
19.600000381469727,20.600000381469727,16.709999084472656,18.110000610351562,10122800,18.110000610351562
18.25,18.399999618530273,15.649999618530273,17.09000015258789,5851000,17.09000015258789
18.40999984741211,18.860000610351562,17.200000762939453,17.4950008392334,4292400,17.4950008392334
16.309999465942383,17.05900001525879,15.260000228881836,15.989999771118164,5396200,15.989999771118164
16.299999237060547,16.299999237060547,14.619999885559082,15.260000228881836,5239800,15.260000228881836
16.799999237060547,17.420000076293945,16.200000762939453,16.700000762939453,7153900,16.700000762939453
15.989999771118164,17.291000366210938,15.600000381469727,16.06999969482422,5438800,16.06999969482422
15.510000228881836,16.18000030517578,14.869999885559082,15.270000457763672,4623100,15.270000457763672
15.760000228881836,15.899999618530273,14.829999923706055,15.010000228881836,4028000,15.010000228881836
15.289999961853027,16.299999237060547,15.289999961853027,15.579999923706055,5645600,15.579999923706055
16.5,18.309999465942383,15.899999618530273,17.81999969482422,15616800,17.81999969482422
18.219999313354492,20.969999313354492,18.1299991607666,20.31999969482422,10576300,20.31999969482422
23.139999389648438,24.309999465942383,19.549999237060547,21.1299991607666,11735000,21.1299991607666
22.5,22.950000762939453,21.479999542236328,22.40999984741211,9421900,22.40999984741211
21.75,22.329999923706055,20.6200008392334,21.440000534057617,6672000,21.440000534057617
19.719999313354492,20.399999618530273,18.5049991607666,18.84000015258789,7015900,18.84000015258789
17.860000610351562,19.549999237060547,16.90999984741211,18.93000030517578,5748600,18.93000030517578
19.520000457763672,19.780000686645508,18.030000686645508,18.3700008392334,4871300,18.3700008392334
18.5,18.969999313354492,18.014999389648438,18.09000015258789,4225800,18.09000015258789
18.18000030517578,19.479999542236328,17.950000762939453,19.3700008392334,6723000,19.3700008392334
19.950000762939453,21.450000762939453,19.562000274658203,21.09000015258789,6149900,21.09000015258789
20.25,20.989999771118164,19.639999389648438,20.6200008392334,5818800,20.6200008392334
22.40999984741211,25.5,22.09000015258789,23.18000030517578,21155200,23.18000030517578
23.190000534057617,23.75,19.479999542236328,20.280000686645508,11024500,20.280000686645508
19.799999237060547,22.649999618530273,19.0,22.1299991607666,9431100,22.1299991607666
21.81999969482422,24.15999984741211,21.610000610351562,23.209999084472656,8909400,23.209999084472656
25.459999084472656,28.239999771118164,25.459999084472656,27.799999237060547,10405200,27.799999237060547
28.0,31.260000228881836,26.65999984741211,28.760000228881836,11882700,28.760000228881836
30.549999237060547,32.0,29.790000915527344,31.25,10322300,31.25
31.75,33.209999084472656,30.700000762939453,32.68000030517578,10035800,32.68000030517578
32.279998779296875,34.63999938964844,30.920000076293945,33.540000915527344,9689700,33.540000915527344
37.119998931884766,37.2599983215332,34.290000915527344,35.15999984741211,8952400,35.15999984741211
35.779998779296875,36.68000030517578,33.2599983215332,36.41999816894531,9408700,36.41999816894531
36.0,37.529998779296875,34.310001373291016,34.7599983215332,7573600,34.7599983215332
34.029998779296875,35.66999816894531,33.20000076293945,35.459999084472656,7593400,35.459999084472656
35.689998626708984,37.4900016784668,35.5099983215332,36.09000015258789,6835700,36.09000015258789
36.84000015258789,37.189998626708984,34.61000061035156,35.4900016784668,5804200,35.4900016784668
36.22999954223633,39.52000045776367,35.66999816894531,38.880001068115234,7459100,38.880001068115234
41.41999816894531,43.84000015258789,38.619998931884766,42.939998626708984,10120900,42.939998626708984
46.150001525878906,47.18000030517578,42.560001373291016,43.77000045776367,8989100,43.77000045776367
45.09000015258789,45.93000030517578,44.13999938964844,44.810001373291016,7280300,44.810001373291016
42.790000915527344,44.189998626708984,41.68000030517578,42.529998779296875,5167300,42.529998779296875
41.41999816894531,42.172000885009766,35.810001373291016,39.86000061035156,10571700,39.86000061035156
35.0,37.18000030517578,33.0,33.255001068115234,10485600,33.255001068115234
37.470001220703125,37.59000015258789,34.14500045776367,36.779998779296875,6560700,36.779998779296875
34.0,39.209999084472656,33.650001525878906,38.439998626708984,6244000,38.439998626708984
41.25,42.41999816894531,39.400001525878906,40.790000915527344,12386100,40.790000915527344
41.90999984741211,44.95000076293945,41.09000015258789,43.130001068115234,20334600,43.130001068115234
42.0099983215332,42.75,40.65999984741211,40.77000045776367,7627800,40.77000045776367
41.40999984741211,43.5,40.529998779296875,42.0099983215332,13600000,42.0099983215332
41.79999923706055,41.97999954223633,38.9109992980957,41.25,9744800,41.25
42.22999954223633,44.56999969482422,41.93000030517578,43.994998931884766,6729300,43.994998931884766
42.61000061035156,43.380001068115234,40.25,41.15999984741211,11244700,41.15999984741211
40.029998779296875,41.459999084472656,37.03499984741211,38.599998474121094,8955900,38.599998474121094
38.400001525878906,40.0,35.279998779296875,36.150001525878906,12518600,36.150001525878906
36.720001220703125,40.20000076293945,35.25,39.59000015258789,6907100,39.59000015258789
39.040000915527344,40.41999816894531,38.29999923706055,40.060001373291016,4074000,40.060001373291016
40.650001525878906,43.27000045776367,39.45000076293945,40.86000061035156,5446900,40.86000061035156
42.470001220703125,43.06999969482422,40.2400016784668,41.20000076293945,4848400,41.20000076293945
42.106998443603516,42.72999954223633,39.04999923706055,39.529998779296875,4507500,39.529998779296875
38.81999969482422,39.7599983215332,34.66999816894531,38.029998779296875,8577500,38.029998779296875
38.2599983215332,40.439998626708984,36.58000183105469,39.75,4529400,39.75
40.5,41.63999938964844,38.560001373291016,40.95000076293945,5043000,40.95000076293945
40.38999938964844,41.0,39.400001525878906,40.150001525878906,5231000,40.150001525878906
40.630001068115234,41.81999969482422,38.77000045776367,39.0,6142000,39.0
39.16999816894531,40.67900085449219,38.529998779296875,40.11000061035156,4487400,40.11000061035156
42.5,42.650001525878906,40.87099838256836,42.029998779296875,10815900,42.029998779296875
41.25,41.54999923706055,40.5,40.77000045776367,8689900,40.77000045776367
39.5,39.599998474121094,37.89899826049805,38.0,18394000,38.0
38.2400016784668,38.689998626708984,35.58000183105469,38.2400016784668,15497300,38.2400016784668
38.900001525878906,39.5,37.65999984741211,38.400001525878906,7973200,38.400001525878906
37.5099983215332,38.400001525878906,36.970001220703125,38.2400016784668,11085300,38.2400016784668
37.470001220703125,38.150001525878906,34.7599983215332,36.58000183105469,26815500,36.58000183105469
36.20000076293945,36.20000076293945,33.619998931884766,33.75,9186700,33.75
32.52000045776367,32.869998931884766,29.059999465942383,29.739999771118164,15883300,29.739999771118164
29.559999465942383,31.530000686645508,29.389999389648438,30.270000457763672,8635400,30.270000457763672
31.929000854492188,33.529998779296875,31.299999237060547,33.52000045776367,7010100,33.52000045776367
32.689998626708984,34.34000015258789,32.310001373291016,33.369998931884766,3920600,33.369998931884766
33.400001525878906,33.63999938964844,30.799999237060547,31.049999237060547,5589200,31.049999237060547
30.670000076293945,32.72999954223633,30.25,32.220001220703125,3588700,32.220001220703125
32.220001220703125,34.20000076293945,32.15999984741211,33.93000030517578,3414100,33.93000030517578
34.459999084472656,35.630001068115234,33.36000061035156,35.540000915527344,3847500,35.540000915527344
35.400001525878906,38.470001220703125,35.29999923706055,37.75,6886300,37.75
37.79999923706055,38.88999938964844,36.130001068115234,37.06999969482422,6729800,37.06999969482422
38.75,39.29999923706055,37.75,38.27000045776367,6280000,38.27000045776367
39.5,40.33000183105469,37.59000015258789,37.880001068115234,6188600,37.880001068115234
38.619998931884766,39.0099983215332,36.779998779296875,37.15999984741211,3978000,37.15999984741211
37.849998474121094,41.040000915527344,37.439998626708984,39.459999084472656,7061800,39.459999084472656
39.20000076293945,41.43899917602539,38.2869987487793,41.31999969482422,5042700,41.31999969482422
41.31999969482422,42.33000183105469,40.0099983215332,41.560001373291016,5538200,41.560001373291016
41.83000183105469,42.91999816894531,41.04999923706055,42.720001220703125,3755000,42.720001220703125
42.779998779296875,44.689998626708984,42.75,44.04499816894531,6340900,44.04499816894531
43.400001525878906,46.154998779296875,43.119998931884766,46.0,5763700,46.0
45.38999938964844,46.56999969482422,44.029998779296875,44.70000076293945,5738400,44.70000076293945
45.470001220703125,46.16999816894531,44.029998779296875,44.720001220703125,4124100,44.720001220703125
44.689998626708984,45.310001373291016,43.54999923706055,43.86000061035156,2955500,43.86000061035156
44.33000183105469,46.400001525878906,43.91999816894531,45.9900016784668,4097000,45.9900016784668
46.349998474121094,47.97999954223633,45.900001525878906,47.2599983215332,3740000,47.2599983215332
48.58000183105469,49.66999816894531,48.084999084472656,49.04999923706055,4269600,49.04999923706055
49.060001373291016,49.11000061035156,45.779998779296875,45.79999923706055,4152200,45.79999923706055
45.849998474121094,48.0,45.356998443603516,46.86000061035156,3975200,46.86000061035156
46.93000030517578,49.099998474121094,46.650001525878906,48.66999816894531,2977200,48.66999816894531
48.55500030517578,50.099998474121094,46.83000183105469,47.619998931884766,4545100,47.619998931884766
48.06999969482422,50.25,46.060001373291016,49.810001373291016,3673200,49.810001373291016
48.54999923706055,51.939998626708984,47.599998474121094,49.939998626708984,3435600,49.939998626708984
50.40999984741211,50.928001403808594,48.349998474121094,50.279998779296875,2779300,50.279998779296875
50.619998931884766,53.209999084472656,50.58000183105469,50.7400016784668,4035000,50.7400016784668
51.189998626708984,51.722999572753906,48.900001525878906,50.11000061035156,2733100,50.11000061035156
50.529998779296875,56.2599983215332,50.529998779296875,55.38999938964844,9928500,55.38999938964844
55.470001220703125,59.41999816894531,55.40999984741211,58.97999954223633,6142300,58.97999954223633
59.290000915527344,60.08000183105469,55.15999984741211,55.939998626708984,5096000,55.939998626708984
54.5099983215332,57.38999938964844,54.27000045776367,55.400001525878906,3720900,55.400001525878906
56.02000045776367,56.79999923706055,54.569000244140625,56.20000076293945,4195400,56.20000076293945
53.61000061035156,54.810001373291016,51.529998779296875,54.43000030517578,4608100,54.43000030517578
55.880001068115234,58.56999969482422,55.19599914550781,58.130001068115234,4304800,58.130001068115234
57.79999923706055,59.11000061035156,54.77000045776367,54.86000061035156,2976100,54.86000061035156
54.150001525878906,54.91999816894531,52.380001068115234,52.869998931884766,2960900,52.869998931884766
54.849998474121094,57.61000061035156,54.2599983215332,57.06999969482422,4517700,57.06999969482422
58.380001068115234,59.72999954223633,55.22999954223633,58.209999084472656,6629300,58.209999084472656
56.290000915527344,57.400001525878906,53.53499984741211,54.4900016784668,23774700,54.4900016784668
55.900001525878906,57.970001220703125,54.630001068115234,56.060001373291016,22246100,56.060001373291016
56.439998626708984,57.54999923706055,55.06999969482422,57.099998474121094,7296000,57.099998474121094
54.619998931884766,58.0,54.41999816894531,56.83000183105469,8870400,56.83000183105469
57.709999084472656,58.0,55.150001525878906,57.06999969482422,4140500,57.06999969482422
57.400001525878906,57.70000076293945,54.869998931884766,55.0,5774000,55.0
55.689998626708984,56.47999954223633,54.599998474121094,55.7400016784668,4211400,55.7400016784668
56.5,56.970001220703125,54.625,54.7400016784668,3049500,54.7400016784668
55.02000045776367,55.72999954223633,52.0099983215332,52.349998474121094,4440800,52.349998474121094
53.060001373291016,54.060001373291016,52.349998474121094,53.95000076293945,2611600,53.95000076293945
53.619998931884766,55.61000061035156,52.5890007019043,55.45000076293945,3944700,55.45000076293945
55.63999938964844,56.880001068115234,55.209999084472656,55.33000183105469,2577300,55.33000183105469
54.470001220703125,55.79999923706055,53.709999084472656,55.599998474121094,2345800,55.599998474121094
56.33000183105469,56.5,54.43000030517578,54.970001220703125,2533000,54.970001220703125
54.97999954223633,55.34000015258789,53.2400016784668,53.41999816894531,2026700,53.41999816894531
53.56999969482422,55.41999816894531,52.95000076293945,54.470001220703125,2160700,54.470001220703125
54.310001373291016,54.959999084472656,52.43000030517578,52.45000076293945,2265400,52.45000076293945
53.029998779296875,54.25,52.2599983215332,54.130001068115234,1856700,54.130001068115234
54.290000915527344,54.93000030517578,52.619998931884766,54.689998626708984,2547100,54.689998626708984
53.4900016784668,55.09000015258789,50.650001525878906,51.7599983215332,2820300,51.7599983215332
52.040000915527344,52.7599983215332,46.869998931884766,48.470001220703125,4483500,48.470001220703125
46.34000015258789,48.150001525878906,45.13999938964844,45.2599983215332,4456600,45.2599983215332
46.0,47.380001068115234,45.279998779296875,46.099998474121094,3484300,46.099998474121094
45.4900016784668,46.349998474121094,43.06999969482422,44.81999969482422,3455700,44.81999969482422
45.54999923706055,46.849998474121094,44.56999969482422,46.65999984741211,2937200,46.65999984741211
47.52000045776367,50.66999816894531,47.27000045776367,50.11000061035156,3348600,50.11000061035156
50.9900016784668,52.821998596191406,49.279998779296875,52.20000076293945,3044000,52.20000076293945
53.279998779296875,56.38999938964844,53.279998779296875,56.130001068115234,5013700,56.130001068115234
54.95000076293945,58.560001373291016,54.040000915527344,56.88999938964844,4497500,56.88999938964844
64.73999786376953,74.91999816894531,60.72999954223633,63.08000183105469,8330900,63.08000183105469
62.79999923706055,64.79000091552734,60.099998474121094,60.279998779296875,5708300,60.279998779296875
60.439998626708984,60.779998779296875,56.7599983215332,58.970001220703125,3878100,58.970001220703125
57.400001525878906,60.939998626708984,57.119998931884766,57.779998779296875,2888900,57.779998779296875
59.599998474121094,61.86000061035156,58.83000183105469,61.380001068115234,2702400,61.380001068115234
64.05000305175781,64.05000305175781,61.007999420166016,63.189998626708984,3730700,63.189998626708984
62.34000015258789,64.20999908447266,61.50699996948242,63.72999954223633,2329100,63.72999954223633
64.5199966430664,66.12999725341797,63.07500076293945,63.79999923706055,3750500,63.79999923706055
64.1500015258789,66.21499633789062,62.52199935913086,65.7300033569336,2954200,65.7300033569336
64.79000091552734,66.12000274658203,63.81999969482422,64.01000213623047,1919700,64.01000213623047
64.29000091552734,67.16000366210938,63.06999969482422,66.9000015258789,3527600,66.9000015258789
68.0,71.6500015258789,67.69000244140625,70.0999984741211,4822300,70.0999984741211
67.23999786376953,69.55000305175781,66.8499984741211,69.37000274658203,3512500,69.37000274658203
69.72000122070312,71.0199966430664,69.27999877929688,70.0999984741211,1244500,70.0999984741211
69.69000244140625,69.76000213623047,66.7249984741211,68.12000274658203,2023700,68.12000274658203
69.79000091552734,69.8499984741211,67.0999984741211,67.83999633789062,2388400,67.83999633789062
67.87999725341797,69.4800033569336,65.88999938964844,68.5,1971200,68.5
68.94000244140625,71.72000122070312,68.11000061035156,71.12999725341797,2802400,71.12999725341797
71.80000305175781,73.9000015258789,71.0,73.83999633789062,2891100,73.83999633789062
73.80000305175781,74.94999694824219,73.30999755859375,74.86000061035156,1825600,74.86000061035156
74.02999877929688,76.41999816894531,74.02999877929688,75.2699966430664,3928100,75.2699966430664
75.2699966430664,75.75,70.87000274658203,71.77999877929688,2867800,71.77999877929688
70.72000122070312,72.5999984741211,69.29000091552734,71.12999725341797,1864000,71.12999725341797
71.6500015258789,72.44000244140625,69.4800033569336,69.9000015258789,1359500,69.9000015258789
71.68000030517578,73.16400146484375,70.82499694824219,71.80999755859375,1952500,71.80999755859375
72.86000061035156,75.5199966430664,71.81600189208984,75.23999786376953,1901300,75.23999786376953
74.62999725341797,76.27999877929688,73.88200378417969,75.83999633789062,1662900,75.83999633789062
76.02999877929688,77.41999816894531,75.76000213623047,77.05999755859375,2003900,77.05999755859375
77.41999816894531,78.16000366210938,74.62999725341797,75.44000244140625,6965800,75.44000244140625
73.28199768066406,74.94000244140625,71.20999908447266,73.83000183105469,2118300,73.83000183105469
73.94999694824219,74.69000244140625,71.55999755859375,74.30999755859375,1484600,74.30999755859375
74.63999938964844,77.44999694824219,74.63999938964844,76.68000030517578,1051000,76.68000030517578
76.22899627685547,77.19999694824219,75.30999755859375,75.83999633789062,685400,75.83999633789062
76.4800033569336,77.0,73.41999816894531,73.63999938964844,1524300,73.63999938964844
74.16000366210938,74.77999877929688,72.14099884033203,73.37000274658203,1319300,73.37000274658203
73.33000183105469,74.23999786376953,72.37999725341797,73.69000244140625,1200700,73.69000244140625
73.7300033569336,75.52999877929688,72.69000244140625,74.2699966430664,1313500,74.2699966430664
74.62000274658203,75.44000244140625,71.05000305175781,71.5999984741211,2446900,71.5999984741211
71.54000091552734,75.5,71.5250015258789,74.7699966430664,1748900,74.7699966430664
75.95999908447266,78.0,74.6520004272461,76.23999786376953,3364400,76.23999786376953
77.30000305175781,80.0,76.5199966430664,78.05999755859375,3028500,78.05999755859375
77.8499984741211,79.5,77.44999694824219,78.80000305175781,3305300,78.80000305175781
77.27999877929688,79.6500015258789,76.81999969482422,78.2699966430664,1468100,78.2699966430664
78.8030014038086,80.69000244140625,77.61000061035156,79.08000183105469,1838600,79.08000183105469
78.5,78.95899963378906,76.05999755859375,76.5199966430664,2050900,76.5199966430664
77.45999908447266,79.47000122070312,77.33000183105469,78.16000366210938,2028700,78.16000366210938
77.30000305175781,80.0999984741211,76.22000122070312,80.0,2901800,80.0
80.18000030517578,82.1500015258789,79.05000305175781,80.66999816894531,3724500,80.66999816894531
80.4000015258789,82.33999633789062,79.625,80.05000305175781,2292400,80.05000305175781
80.22000122070312,81.43000030517578,78.33999633789062,80.72000122070312,1977500,80.72000122070312
79.75,81.56999969482422,78.68000030517578,79.52999877929688,1803400,79.52999877929688
79.31999969482422,79.52999877929688,75.98999786376953,78.4000015258789,1923700,78.4000015258789
78.85299682617188,80.6500015258789,74.1500015258789,74.36000061035156,2138800,74.36000061035156
71.7699966430664,72.30000305175781,66.33999633789062,66.87000274658203,4588400,66.87000274658203
68.0,74.88999938964844,68.0,73.73999786376953,3368000,73.73999786376953
73.04000091552734,73.5,68.7699966430664,70.38999938964844,2602300,70.38999938964844
70.66999816894531,72.25,69.9000015258789,70.80000305175781,2022600,70.80000305175781
72.25,76.38999938964844,71.68000030517578,76.0,1735500,76.0
76.01000213623047,78.44999694824219,74.77999877929688,76.75,1594100,76.75
77.88999938964844,80.1500015258789,77.31500244140625,79.4800033569336,1601300,79.4800033569336
81.0199966430664,83.97000122070312,80.37000274658203,82.87999725341797,2466100,82.87999725341797
83.47000122070312,83.95999908447266,80.19000244140625,82.8499984741211,1287600,82.8499984741211
82.12000274658203,83.93000030517578,80.62000274658203,81.56999969482422,1057900,81.56999969482422
81.8499984741211,82.39299774169922,79.30000305175781,79.61000061035156,1385300,79.61000061035156
79.75,80.30000305175781,77.0199966430664,78.47000122070312,1274200,78.47000122070312
77.79000091552734,80.7300033569336,77.62999725341797,80.23999786376953,1960300,80.23999786376953
80.9000015258789,81.12000274658203,78.2699966430664,78.33999633789062,1486300,78.33999633789062
77.3499984741211,79.23999786376953,75.44999694824219,78.61000061035156,1930800,78.61000061035156
77.6500015258789,80.05999755859375,77.06999969482422,79.2699966430664,941300,79.2699966430664
79.87000274658203,83.87000274658203,79.3949966430664,83.16000366210938,2026100,83.16000366210938
83.4000015258789,89.11000061035156,83.04000091552734,84.70999908447266,2355200,84.70999908447266
83.69999694824219,86.80999755859375,81.69000244140625,85.7699966430664,2180600,85.7699966430664
86.83000183105469,89.98999786376953,84.16000366210938,89.80999755859375,2068800,89.80999755859375
89.5999984741211,90.26300048828125,84.37000274658203,85.13999938964844,2518600,85.13999938964844
90.73999786376953,94.43000030517578,88.06999969482422,93.44000244140625,5535800,93.44000244140625
96.0,96.83000183105469,93.16999816894531,94.05999755859375,2807800,94.05999755859375
93.62999725341797,95.1500015258789,92.51000213623047,92.9800033569336,1595500,92.9800033569336
95.23999786376953,98.16000366210938,93.63999938964844,95.55999755859375,3239700,95.55999755859375
96.0,96.08000183105469,86.81999969482422,90.81999969482422,3282000,90.81999969482422
91.81999969482422,93.83999633789062,83.91999816894531,93.30999755859375,3143100,93.30999755859375
94.97000122070312,97.55000305175781,93.24500274658203,95.06999969482422,2036600,95.06999969482422
97.5,97.94999694824219,93.2699966430664,93.77999877929688,2361300,93.77999877929688
94.05000305175781,98.83999633789062,93.66999816894531,98.38999938964844,2888900,98.38999938964844
99.98999786376953,103.6500015258789,98.69999694824219,100.75,2987900,100.75
99.69000244140625,101.83999633789062,99.0,100.62000274658203,1451500,100.62000274658203
104.16999816894531,106.19999694824219,99.29499816894531,101.19999694824219,4261500,101.19999694824219
101.4000015258789,101.4000015258789,93.56999969482422,95.80000305175781,4952100,95.80000305175781
94.41999816894531,96.52999877929688,92.41000366210938,96.04000091552734,4048200,96.04000091552734
95.06999969482422,95.30000305175781,90.4800033569336,90.5999984741211,4851600,90.5999984741211
91.5,92.19000244140625,88.9800033569336,89.31999969482422,45667200,89.31999969482422
89.0,89.88999938964844,86.07499694824219,88.47000122070312,5292500,88.47000122070312
86.82499694824219,88.31999969482422,83.86000061035156,84.58999633789062,4596900,84.58999633789062
85.87999725341797,88.4000015258789,82.66000366210938,82.9000015258789,3473600,82.9000015258789
80.25,87.62000274658203,79.91000366210938,86.94000244140625,4447600,86.94000244140625
88.01000213623047,88.80999755859375,84.11000061035156,87.52999877929688,2545000,87.52999877929688
86.0,87.31999969482422,82.0199966430664,82.44000244140625,2349100,82.44000244140625
82.20999908447266,87.58999633789062,81.76000213623047,87.12999725341797,3320500,87.12999725341797
87.5199966430664,88.83000183105469,85.9800033569336,87.44999694824219,2414600,87.44999694824219
88.54000091552734,89.55000305175781,86.41000366210938,88.94000244140625,2786000,88.94000244140625
92.66999816894531,93.58000183105469,90.06999969482422,90.18000030517578,3253000,90.18000030517578
90.86000061035156,94.68000030517578,90.43000030517578,92.5,2660800,92.5
93.3499984741211,94.08999633789062,91.61000061035156,92.58999633789062,2022100,92.58999633789062
92.79000091552734,97.6500015258789,91.56999969482422,96.1500015258789,3608100,96.1500015258789
94.86000061035156,96.6500015258789,93.4000015258789,96.33000183105469,2116300,96.33000183105469
96.0999984741211,96.0999984741211,92.16000366210938,94.33000183105469,3067700,94.33000183105469
94.28399658203125,95.77999877929688,90.5,95.7300033569336,2442100,95.7300033569336
95.83999633789062,97.97000122070312,92.76000213623047,93.2699966430664,1865100,93.2699966430664
93.5,94.0,91.61000061035156,93.16000366210938,1800900,93.16000366210938
93.55000305175781,96.19999694824219,92.05999755859375,93.63999938964844,2554600,93.63999938964844
92.61000061035156,93.03399658203125,87.9800033569336,88.75,3229300,88.75
90.75,92.06999969482422,85.91999816894531,89.87999725341797,3411300,89.87999725341797
88.4000015258789,94.36000061035156,87.80000305175781,94.27999877929688,2303100,94.27999877929688
93.9000015258789,96.69000244140625,93.13999938964844,94.12000274658203,2212700,94.12000274658203
94.83000183105469,96.04000091552734,94.0,95.73999786376953,1489300,95.73999786376953
96.43000030517578,98.26499938964844,95.45999908447266,96.9800033569336,1623400,96.9800033569336
98.87999725341797,102.13999938964844,98.3499984741211,101.7699966430664,4326800,101.7699966430664
103.12999725341797,104.4800033569336,101.56999969482422,102.5999984741211,5494400,102.5999984741211
103.25,103.4000015258789,98.0,99.47000122070312,2782200,99.47000122070312
98.19000244140625,99.55000305175781,96.5999984741211,97.83999633789062,1772400,97.83999633789062
98.68000030517578,98.95999908447266,96.44000244140625,96.91000366210938,1967600,96.91000366210938
94.83000183105469,95.80000305175781,90.9000015258789,95.52999877929688,4573300,95.52999877929688
104.37999725341797,105.5,100.13999938964844,102.9800033569336,6279800,102.9800033569336
102.94999694824219,103.87999725341797,99.44999694824219,102.22000122070312,3586800,102.22000122070312
101.94000244140625,105.87999725341797,101.47000122070312,105.75,2949500,105.75
106.41999816894531,106.8499984741211,103.22000122070312,104.68000030517578,2666600,104.68000030517578
100.58000183105469,103.54000091552734,97.41000366210938,100.7699966430664,3812300,100.7699966430664
99.29000091552734,102.18000030517578,91.73999786376953,92.41000366210938,4389900,92.41000366210938
92.80000305175781,96.38800048828125,90.27999877929688,94.37000274658203,4040100,94.37000274658203
95.08000183105469,100.04000091552734,95.08000183105469,98.61000061035156,2591500,98.61000061035156
97.61000061035156,100.61000061035156,95.8499984741211,100.37000274658203,2926400,100.37000274658203
100.72000122070312,103.83999633789062,99.81999969482422,100.1500015258789,2923100,100.1500015258789
97.12000274658203,98.44999694824219,95.25,96.5,2472800,96.5
96.95999908447266,101.11000061035156,95.93000030517578,100.58999633789062,3410700,100.58999633789062
101.27999877929688,102.41000366210938,99.77999877929688,100.20999908447266,2380300,100.20999908447266
101.41999816894531,106.30999755859375,100.30999755859375,105.08000183105469,4334700,105.08000183105469
106.0,107.76899719238281,104.62000274658203,107.05999755859375,4331400,107.05999755859375
108.19999694824219,109.19000244140625,106.24500274658203,106.5999984741211,2871400,106.5999984741211
107.6500015258789,109.19000244140625,105.5,107.93000030517578,13308500,107.93000030517578
107.81999969482422,108.26499938964844,105.0199966430664,107.44999694824219,1835200,107.44999694824219
107.68000030517578,110.48400115966797,107.33000183105469,109.55000305175781,2469200,109.55000305175781
109.81999969482422,110.12899780273438,107.76000213623047,109.69999694824219,2115500,109.69999694824219
108.16000366210938,109.95999908447266,106.48999786376953,109.56999969482422,1913300,109.56999969482422
109.98999786376953,111.31999969482422,109.05999755859375,110.63999938964844,2823900,110.63999938964844
112.19000244140625,113.45999908447266,109.45999908447266,110.5999984741211,2803500,110.5999984741211
111.66999816894531,112.73999786376953,110.09400177001953,111.69999694824219,2696500,111.69999694824219
111.91000366210938,112.34500122070312,109.0,110.83000183105469,1845800,110.83000183105469
110.83999633789062,112.86000061035156,109.04000091552734,111.4000015258789,2375500,111.4000015258789
111.19000244140625,112.19000244140625,110.01499938964844,110.30999755859375,1544000,110.30999755859375
109.5,110.47000122070312,106.26000213623047,106.62000274658203,2511700,106.62000274658203
105.93000030517578,107.86000061035156,104.87999725341797,106.5,2217700,106.5
105.22000122070312,107.75,104.98999786376953,107.08999633789062,2579500,107.08999633789062
105.80999755859375,107.43000030517578,101.51000213623047,103.83000183105469,3644800,103.83000183105469
100.86000061035156,103.43000030517578,99.4800033569336,100.05999755859375,4759400,100.05999755859375
101.83000183105469,103.95999908447266,99.77999877929688,103.81999969482422,3154900,103.81999969482422
103.64199829101562,106.51000213623047,102.02999877929688,104.30999755859375,3973300,104.30999755859375
104.4000015258789,105.75,102.05000305175781,103.22000122070312,2507500,103.22000122070312
104.66999816894531,106.30999755859375,104.26000213623047,104.7300033569336,2076300,104.7300033569336
104.70700073242188,105.0199966430664,100.26100158691406,102.43000030517578,27148300,102.43000030517578
102.26000213623047,102.26000213623047,98.4000015258789,100.54000091552734,2736700,100.54000091552734
100.33999633789062,102.19999694824219,100.18000030517578,100.87999725341797,3465700,100.87999725341797
100.91999816894531,104.02999877929688,99.83000183105469,103.75,2270400,103.75
104.9749984741211,106.06999969482422,102.73999786376953,102.9000015258789,1899700,102.9000015258789
103.5999984741211,103.88999938964844,101.72000122070312,102.41000366210938,1286900,102.41000366210938
101.95999908447266,102.20999908447266,96.91999816894531,98.44999694824219,3182400,98.44999694824219
98.4000015258789,99.06999969482422,94.37999725341797,95.55000305175781,3166500,95.55000305175781
92.43000030517578,96.23999786376953,92.01000213623047,94.55999755859375,2429600,94.55999755859375
96.08000183105469,97.4800033569336,95.01000213623047,96.86000061035156,2401400,96.86000061035156
97.68000030517578,99.0,96.1500015258789,98.3499984741211,1476900,98.3499984741211
96.94999694824219,97.91999816894531,96.05000305175781,96.7699966430664,1961600,96.7699966430664
97.91000366210938,99.0199966430664,94.12999725341797,94.5199966430664,2223700,94.5199966430664
93.44000244140625,95.5,92.37999725341797,94.47000122070312,1866000,94.47000122070312
95.52999877929688,95.6760025024414,89.58999633789062,89.9000015258789,2335500,89.9000015258789
86.71499633789062,89.97000122070312,85.37200164794922,87.7699966430664,3448600,87.7699966430664
88.12000274658203,92.20999908447266,86.76000213623047,91.30000305175781,2619300,91.30000305175781
92.51000213623047,96.1050033569336,92.05999755859375,93.98999786376953,2390500,93.98999786376953
93.69000244140625,94.37999725341797,91.68000030517578,92.5199966430664,1565300,92.5199966430664
93.56999969482422,93.7300033569336,90.18000030517578,90.30999755859375,1624100,90.30999755859375
90.62999725341797,93.29000091552734,89.47000122070312,93.25,1737100,93.25
92.76000213623047,93.23999786376953,88.63999938964844,92.51000213623047,1907800,92.51000213623047
93.2699966430664,94.83999633789062,88.55000305175781,92.37000274658203,2884700,92.37000274658203
93.0,93.0199966430664,89.73999786376953,89.86000061035156,1850800,89.86000061035156
88.80000305175781,90.3499984741211,86.58999633789062,87.36000061035156,2970800,87.36000061035156
88.33000183105469,90.6449966430664,86.20999908447266,86.5,2062200,86.5
86.77999877929688,87.31999969482422,82.9800033569336,86.77999877929688,4022200,86.77999877929688
88.38999938964844,88.81999969482422,84.62999725341797,84.98999786376953,4892100,84.98999786376953
84.98999786376953,91.47000122070312,84.87999725341797,90.5,4103300,90.5
91.0,92.2300033569336,89.552001953125,90.5,3147100,90.5
92.0,92.04000091552734,89.0199966430664,90.83999633789062,3230600,90.83999633789062
91.41999816894531,92.0999984741211,89.8550033569336,90.56999969482422,1563200,90.56999969482422
90.0999984741211,93.26000213623047,89.33300018310547,92.94999694824219,2824500,92.94999694824219
93.11000061035156,93.9800033569336,90.36000061035156,93.76000213623047,2041800,93.76000213623047
93.97000122070312,93.97000122070312,90.69000244140625,91.0199966430664,2339900,91.0199966430664
89.69999694824219,89.69999694824219,86.5,87.4000015258789,1959200,87.4000015258789
86.11000061035156,86.38500213623047,83.05999755859375,84.11000061035156,2838200,84.11000061035156
83.88999938964844,86.19999694824219,82.80999755859375,85.01000213623047,2405900,85.01000213623047
83.81999969482422,84.41000366210938,80.36599731445312,82.47000122070312,3150000,82.47000122070312
82.05000305175781,85.86000061035156,82.0,85.63999938964844,2698500,85.63999938964844
86.5,89.4000015258789,86.30000305175781,89.27999877929688,2704600,89.27999877929688
89.9800033569336,93.93000030517578,89.95999908447266,93.86000061035156,3208000,93.86000061035156
94.0,98.02999877929688,93.55999755859375,97.69999694824219,2560600,97.69999694824219
98.06999969482422,101.55999755859375,97.74500274658203,99.98999786376953,3772200,99.98999786376953
100.08999633789062,109.0,100.0,104.23999786376953,3560200,104.23999786376953
103.95500183105469,104.58999633789062,101.48999786376953,102.12000274658203,1928400,102.12000274658203
102.4800033569336,103.5,99.7300033569336,101.62999725341797,2196300,101.62999725341797
102.5999984741211,103.44999694824219,100.52999877929688,101.88999938964844,1813500,101.88999938964844
102.62000274658203,105.02999877929688,101.25,103.5,1673500,103.5
102.58000183105469,104.93000030517578,102.18000030517578,103.55999755859375,1446100,103.55999755859375
104.0,107.77999877929688,103.0199966430664,107.08000183105469,2536900,107.08000183105469
106.80000305175781,107.68000030517578,103.3280029296875,105.88999938964844,1742000,105.88999938964844
107.44999694824219,109.32499694824219,105.5,106.58999633789062,2556900,106.58999633789062
106.9800033569336,107.45999908447266,103.98999786376953,104.19000244140625,1741800,104.19000244140625
105.55000305175781,105.97000122070312,100.81999969482422,104.33999633789062,1628700,104.33999633789062
102.61499786376953,104.12999725341797,101.19999694824219,103.06999969482422,1415800,103.06999969482422
103.58000183105469,107.79000091552734,101.30000305175781,107.33000183105469,2313900,107.33000183105469
107.5199966430664,109.5,106.79000091552734,108.56999969482422,1584700,108.56999969482422
108.9800033569336,112.18000030517578,105.31999969482422,106.06999969482422,5778600,106.06999969482422
103.23999786376953,106.38999938964844,102.33000183105469,104.75,2663200,104.75
105.44999694824219,107.76000213623047,103.19300079345703,105.04000091552734,1890500,105.04000091552734
105.7300033569336,111.62999725341797,105.66000366210938,109.91000366210938,2630200,109.91000366210938
110.51000213623047,114.5999984741211,110.11000061035156,111.62000274658203,3194900,111.62000274658203
110.91999816894531,113.62799835205078,110.80000305175781,112.3499984741211,1425900,112.3499984741211
112.62000274658203,117.19000244140625,112.54000091552734,116.3499984741211,3075400,116.3499984741211
115.31999969482422,118.7300033569336,114.47000122070312,115.4800033569336,3085500,115.4800033569336
116.20999908447266,116.72000122070312,113.15499877929688,113.4000015258789,1574200,113.4000015258789
113.58999633789062,113.5999984741211,110.69000244140625,112.27999877929688,2711500,112.27999877929688
114.83999633789062,119.80999755859375,114.5199966430664,119.48999786376953,2720900,119.48999786376953
119.16000366210938,119.38999938964844,116.5999984741211,118.11000061035156,2663300,118.11000061035156
118.72000122070312,119.58999633789062,114.58999633789062,114.76000213623047,2535500,114.76000213623047
113.01000213623047,116.08999633789062,112.4280014038086,114.33999633789062,1922700,114.33999633789062
115.0,118.16999816894531,114.69000244140625,116.1500015258789,1937900,116.1500015258789
116.5,117.54499816894531,113.7699966430664,113.95999908447266,985800,113.95999908447266
114.44000244140625,116.66999816894531,113.5,114.7699966430664,1363100,114.7699966430664
115.18000030517578,118.94499969482422,115.18000030517578,117.05999755859375,1975000,117.05999755859375
116.26000213623047,116.55000305175781,113.95999908447266,114.95999908447266,1556500,114.95999908447266
115.83000183105469,117.25,113.41999816894531,114.5199966430664,2360200,114.5199966430664
116.08000183105469,116.75,110.33999633789062,110.70999908447266,2505800,110.70999908447266
110.38999938964844,113.12999725341797,109.56999969482422,113.0,1270800,113.0
114.08899688720703,115.87999725341797,113.0999984741211,113.93000030517578,1250100,113.93000030517578
113.47000122070312,114.94999694824219,111.3010025024414,113.52999877929688,1169800,113.52999877929688
112.33000183105469,114.83999633789062,112.33000183105469,113.30999755859375,964900,113.30999755859375
113.19000244140625,113.81999969482422,111.16500091552734,112.05000305175781,928100,112.05000305175781
111.5,113.33000183105469,111.19999694824219,111.94000244140625,1057800,111.94000244140625
113.16000366210938,115.94999694824219,112.69999694824219,112.77999877929688,1432300,112.77999877929688
112.01000213623047,112.58999633789062,110.22000122070312,110.76000213623047,1104900,110.76000213623047
110.94999694824219,111.70999908447266,109.08000183105469,110.88999938964844,1076900,110.88999938964844
110.38999938964844,112.19000244140625,108.11000061035156,109.45999908447266,1793100,109.45999908447266
109.79000091552734,113.44999694824219,108.37000274658203,112.05999755859375,1607400,112.05999755859375
111.18499755859375,112.08999633789062,109.25,111.73999786376953,2212300,111.73999786376953
109.47000122070312,114.9000015258789,107.11000061035156,110.69000244140625,3389300,110.69000244140625
111.55999755859375,111.55999755859375,100.83000183105469,103.12000274658203,6466700,103.12000274658203
106.58000183105469,108.83999633789062,105.01000213623047,106.4800033569336,2874100,106.4800033569336
107.51000213623047,109.69000244140625,104.58999633789062,105.30000305175781,2309800,105.30000305175781
105.4000015258789,106.47000122070312,102.30999755859375,103.06999969482422,2236600,103.06999969482422
102.83999633789062,104.5,99.08999633789062,99.9800033569336,2368600,99.9800033569336
100.55000305175781,102.87000274658203,100.04399871826172,101.88999938964844,1794300,101.88999938964844
104.05000305175781,106.33000183105469,103.63999938964844,106.0,2332300,106.0
106.44999694824219,106.69000244140625,102.91000366210938,103.2300033569336,1817200,103.2300033569336
103.20999908447266,104.19000244140625,99.25,103.19000244140625,2175800,103.19000244140625
101.99500274658203,102.91999816894531,99.5,100.69999694824219,1800000,100.69999694824219
100.41999816894531,101.44000244140625,95.31999969482422,96.08999633789062,2827700,96.08999633789062
94.8499984741211,97.22000122070312,93.87999725341797,95.4000015258789,2663000,95.4000015258789
95.5199966430664,96.5999984741211,92.41000366210938,94.37000274658203,2216200,94.37000274658203
95.1500015258789,95.87000274658203,92.72000122070312,93.94000244140625,1797800,93.94000244140625
93.08999633789062,94.7300033569336,91.97000122070312,93.94000244140625,1793800,93.94000244140625
88.21900177001953,91.25,87.0,91.19999694824219,3004700,91.19999694824219
92.19999694824219,94.0199966430664,90.47000122070312,93.4800033569336,3455500,93.4800033569336
92.0999984741211,92.87699890136719,87.16999816894531,90.06999969482422,4473800,90.06999969482422
91.97000122070312,92.7699966430664,82.94999694824219,83.06999969482422,4148700,83.06999969482422
84.41000366210938,90.08000183105469,83.41999816894531,90.02999877929688,4075300,90.02999877929688
90.01000213623047,90.16999816894531,83.62999725341797,86.58999633789062,4236100,86.58999633789062
87.26000213623047,94.12000274658203,84.7699966430664,92.04000091552734,2846100,92.04000091552734
95.3499984741211,96.87000274658203,89.5199966430664,90.37999725341797,3404600,90.37999725341797
92.05000305175781,95.3499984741211,91.75,93.25,1817800,93.25
91.87999725341797,93.41999816894531,90.75,90.80999755859375,1274200,90.80999755859375
91.75,92.97000122070312,88.61000061035156,88.9800033569336,2150900,88.9800033569336
87.88999938964844,88.38999938964844,84.25,85.22000122070312,2557100,85.22000122070312
83.87999725341797,87.05000305175781,83.6500015258789,86.16000366210938,1762400,86.16000366210938
85.77999877929688,88.4020004272461,83.94999694824219,87.16000366210938,1944100,87.16000366210938
88.20999908447266,89.48500061035156,85.45999908447266,85.87999725341797,2608700,85.87999725341797
84.5,89.1500015258789,83.66000366210938,87.91000366210938,3106600,87.91000366210938
85.56999969482422,87.26000213623047,84.11000061035156,86.30000305175781,1986400,86.30000305175781
87.5,94.44999694824219,87.5,93.8499984741211,2911100,93.8499984741211
93.33000183105469,95.31999969482422,92.5999984741211,93.41999816894531,2026500,93.41999816894531
94.86000061035156,95.5,93.7300033569336,94.76000213623047,1464600,94.76000213623047
94.02999877929688,94.48999786376953,92.08000183105469,94.1500015258789,996500,94.1500015258789
93.41999816894531,94.88999938964844,92.55000305175781,92.77999877929688,937000,92.77999877929688
92.04000091552734,93.56999969482422,91.38500213623047,92.37999725341797,1342300,92.37999725341797
92.37000274658203,94.41000366210938,92.19000244140625,92.98999786376953,1302500,92.98999786376953
92.95999908447266,94.16000366210938,92.11000061035156,93.52999877929688,1082600,93.52999877929688
93.48999786376953,97.38999938964844,93.16000366210938,93.47000122070312,2061100,93.47000122070312
95.0199966430664,96.0999984741211,89.0,89.94999694824219,2795100,89.94999694824219
90.23999786376953,90.79000091552734,83.5199966430664,84.1500015258789,3756000,84.1500015258789
84.18000030517578,88.25,82.30999755859375,86.5999984741211,3335400,86.5999984741211
86.66000366210938,90.55000305175781,86.66000366210938,89.66000366210938,2369200,89.66000366210938
89.36000061035156,89.38999938964844,85.44000244140625,88.30000305175781,2245600,88.30000305175781
88.37999725341797,90.69000244140625,86.55000305175781,89.9800033569336,2023400,89.9800033569336
91.0,91.58999633789062,87.48999786376953,87.94999694824219,2122700,87.94999694824219
87.94000244140625,89.06999969482422,84.2699966430664,84.76000213623047,2108400,84.76000213623047
84.4000015258789,84.91500091552734,81.11000061035156,82.83999633789062,2660900,82.83999633789062
82.77999877929688,82.80000305175781,78.16999816894531,79.16000366210938,5611300,79.16000366210938
79.77999877929688,80.16000366210938,77.20999908447266,77.80000305175781,4333600,77.80000305175781
77.80000305175781,81.95899963378906,76.83000183105469,76.9800033569336,2840300,76.9800033569336
76.33000183105469,76.5199966430664,71.95999908447266,72.16999816894531,6015800,72.16999816894531
70.29000091552734,76.0999984741211,68.0,75.95999908447266,6117100,75.95999908447266
74.0,78.7699966430664,73.77999877929688,77.29000091552734,3232000,77.29000091552734
78.69000244140625,80.95999908447266,74.4000015258789,75.3499984741211,3365900,75.3499984741211
76.26000213623047,76.5,69.86499786376953,70.4000015258789,2835000,70.4000015258789
70.58999633789062,73.68000030517578,68.80000305175781,72.97000122070312,4223700,72.97000122070312
72.62999725341797,76.19999694824219,72.40499877929688,76.13999938964844,2254000,76.13999938964844
76.18000030517578,80.83999633789062,75.75,80.80000305175781,3673800,80.80000305175781
80.7699966430664,81.2300033569336,77.22000122070312,77.5,2883100,77.5
76.41999816894531,78.9800033569336,75.37000274658203,76.36000061035156,3832400,76.36000061035156
76.01000213623047,79.66500091552734,75.61000061035156,78.83000183105469,2309400,78.83000183105469
79.91000366210938,81.9800033569336,78.7300033569336,80.75,2142600,80.75
81.30000305175781,82.62000274658203,80.12300109863281,82.36000061035156,1960000,82.36000061035156
83.7300033569336,86.94999694824219,83.36000061035156,86.87000274658203,3076000,86.87000274658203
85.55000305175781,89.79900360107422,84.88999938964844,86.48999786376953,2993100,86.48999786376953
86.44000244140625,88.30000305175781,82.70999908447266,83.73999786376953,2664600,83.73999786376953
83.18000030517578,84.80000305175781,80.66000366210938,81.2300033569336,2608400,81.2300033569336
83.51000213623047,84.91999816894531,83.06999969482422,84.18000030517578,2028500,84.18000030517578
83.52999877929688,86.16999816894531,82.97000122070312,85.41999816894531,1728100,85.41999816894531
84.5,84.93000030517578,81.58999633789062,81.91999816894531,1807400,81.91999816894531
80.31999969482422,82.68000030517578,78.5999984741211,79.27999877929688,3175100,79.27999877929688
77.69999694824219,78.16999816894531,74.20999908447266,76.56999969482422,4443100,76.56999969482422
81.0,83.83999633789062,77.86000061035156,78.68000030517578,6156700,78.68000030517578
74.97000122070312,85.06999969482422,74.30999755859375,84.6500015258789,4933700,84.6500015258789
84.75,85.70099639892578,82.20999908447266,84.69000244140625,3735800,84.69000244140625
84.09500122070312,84.8499984741211,81.79000091552734,84.19000244140625,2342100,84.19000244140625
83.4000015258789,84.19000244140625,80.06999969482422,82.9800033569336,2852300,82.9800033569336
83.48999786376953,87.43000030517578,83.0,86.16000366210938,3080700,86.16000366210938
86.5199966430664,87.29000091552734,82.80999755859375,83.20999908447266,3856900,83.20999908447266
82.38999938964844,82.9000015258789,76.19000244140625,78.80000305175781,3423600,78.80000305175781
78.80000305175781,78.91999816894531,69.58499908447266,69.63999938964844,6065000,69.63999938964844
69.54000091552734,72.88999938964844,67.22000122070312,70.23999786376953,3663100,70.23999786376953
74.26000213623047,80.41000366210938,74.25,77.58999633789062,4083800,77.58999633789062
75.70999908447266,78.38999938964844,75.18000030517578,77.45999908447266,1723700,77.45999908447266
78.44000244140625,78.87000274658203,74.31999969482422,74.80999755859375,1493100,74.80999755859375
74.69000244140625,77.0999984741211,70.55500030517578,71.97000122070312,2976900,71.97000122070312
72.41999816894531,76.20999908447266,72.36000061035156,74.97000122070312,1992500,74.97000122070312
76.93699645996094,79.55999755859375,75.83000183105469,79.33999633789062,2539000,79.33999633789062
78.20999908447266,80.68000030517578,77.15699768066406,79.58999633789062,1664500,79.58999633789062
79.25,80.88500213623047,78.55999755859375,80.83000183105469,2801800,80.83000183105469
79.77999877929688,80.1500015258789,76.44000244140625,78.48999786376953,2351000,78.48999786376953
78.86000061035156,80.80000305175781,78.61000061035156,80.06999969482422,1408700,80.06999969482422
79.31999969482422,79.80000305175781,76.87000274658203,77.0,1937200,77.0
77.0999984741211,79.01000213623047,75.4209976196289,78.98999786376953,2076300,78.98999786376953
79.1500015258789,79.1500015258789,77.04000091552734,77.4000015258789,1165600,77.4000015258789
77.5999984741211,78.5,75.5,76.87999725341797,1822700,76.87999725341797
78.58000183105469,81.57499694824219,78.3949966430664,81.2300033569336,2771800,81.2300033569336
80.48500061035156,81.55999755859375,76.61499786376953,77.52999877929688,2158300,77.52999877929688
77.2300033569336,79.75,76.33000183105469,77.36000061035156,2107300,77.36000061035156
78.12999725341797,78.64800262451172,75.80000305175781,76.6500015258789,2004600,76.6500015258789
77.30000305175781,80.88999938964844,76.80999755859375,80.69000244140625,2267300,80.69000244140625
80.13999938964844,80.98999786376953,76.55999755859375,77.16000366210938,1587100,77.16000366210938
75.55000305175781,75.77999877929688,71.25,72.01000213623047,3300400,72.01000213623047
71.5199966430664,72.55500030517578,67.66999816894531,70.55999755859375,3910300,70.55999755859375
69.95999908447266,70.93000030517578,67.66999816894531,68.9800033569336,3032600,68.9800033569336
68.23999786376953,71.09500122070312,67.8499984741211,68.58000183105469,2199200,68.58000183105469
69.55000305175781,71.01000213623047,66.80999755859375,67.0199966430664,2882600,67.0199966430664
67.44999694824219,71.3499984741211,67.27999877929688,70.01000213623047,4478600,70.01000213623047
69.95999908447266,71.16000366210938,68.79000091552734,68.87999725341797,2681600,68.87999725341797
68.16000366210938,69.31999969482422,67.83999633789062,68.37000274658203,2117200,68.37000274658203
68.38999938964844,73.3499984741211,68.2300033569336,71.75,2767100,71.75
72.0,73.48999786376953,71.41000366210938,71.69999694824219,2107000,71.69999694824219
73.43000030517578,73.94999694824219,67.91100311279297,68.11000061035156,3624400,68.11000061035156
67.75,69.0,65.11000061035156,66.5999984741211,2459800,66.5999984741211
65.6500015258789,68.58999633789062,64.5999984741211,68.5,2495500,68.5
67.43000030517578,68.31999969482422,63.52000045776367,64.83000183105469,2822400,64.83000183105469
64.61000061035156,65.91000366210938,62.279998779296875,64.1500015258789,2664500,64.1500015258789
64.4749984741211,68.0199966430664,63.779998779296875,67.38999938964844,3220000,67.38999938964844
67.3499984741211,70.2300033569336,66.09500122070312,66.27999877929688,2436900,66.27999877929688
66.26000213623047,68.41999816894531,65.16999816894531,68.3499984741211,2794000,68.3499984741211
68.63999938964844,69.93000030517578,66.0,67.6500015258789,3712300,67.6500015258789
69.4000015258789,69.45500183105469,61.4900016784668,66.38999938964844,7895400,66.38999938964844
65.77999877929688,67.16000366210938,61.95500183105469,62.95000076293945,3371600,62.95000076293945
62.29999923706055,62.369998931884766,59.29999923706055,59.95000076293945,3434400,59.95000076293945
58.5,59.082000732421875,52.57500076293945,52.95000076293945,5236800,52.95000076293945
54.0099983215332,55.11000061035156,49.154998779296875,50.77000045776367,5320100,50.77000045776367
51.36000061035156,53.47999954223633,48.29999923706055,48.36000061035156,4858800,48.36000061035156
47.900001525878906,51.380001068115234,46.08000183105469,49.83000183105469,5346100,49.83000183105469
51.220001220703125,55.31999969482422,51.209999084472656,54.9900016784668,5457700,54.9900016784668
54.13999938964844,55.41999816894531,51.875,51.9900016784668,3289000,51.9900016784668
53.349998474121094,54.349998474121094,50.29999923706055,51.400001525878906,5121100,51.400001525878906
50.70000076293945,50.95000076293945,47.08000183105469,47.95000076293945,4186400,47.95000076293945
47.2400016784668,50.2400016784668,46.650001525878906,48.630001068115234,5406900,48.630001068115234
49.400001525878906,50.189998626708984,47.38999938964844,50.11000061035156,4789300,50.11000061035156
50.369998931884766,50.59000015258789,47.63999938964844,48.25,5010400,48.25
47.58000183105469,47.69499969482422,42.59000015258789,43.13999938964844,5910700,43.13999938964844
42.90999984741211,46.88999938964844,42.709999084472656,46.400001525878906,5444500,46.400001525878906
47.310001373291016,52.45000076293945,47.060001373291016,51.02000045776367,5990100,51.02000045776367
51.45000076293945,52.82500076293945,50.45000076293945,51.599998474121094,3951900,51.599998474121094
51.209999084472656,51.88999938964844,49.7599983215332,50.16999816894531,3858100,50.16999816894531
50.4900016784668,51.36000061035156,48.209999084472656,49.560001373291016,2545900,49.560001373291016
49.33000183105469,52.099998474121094,49.33000183105469,51.869998931884766,3690100,51.869998931884766
50.4900016784668,51.70000076293945,50.0,50.599998474121094,2058200,50.599998474121094
51.5,52.63999938964844,51.08000183105469,52.34000015258789,2955300,52.34000015258789
51.209999084472656,53.16999816894531,50.70000076293945,52.369998931884766,2138100,52.369998931884766
52.0,53.93000030517578,51.59000015258789,52.150001525878906,2796200,52.150001525878906
51.15999984741211,52.130001068115234,49.81999969482422,50.15999984741211,3067200,50.15999984741211
48.72999954223633,49.685001373291016,45.15999984741211,45.5,5207300,45.5
42.7599983215332,43.11000061035156,39.560001373291016,39.63999938964844,4962300,39.63999938964844
40.0,40.553001403808594,38.525001525878906,39.38999938964844,3647800,39.38999938964844
39.970001220703125,42.41999816894531,39.650001525878906,41.38999938964844,4855700,41.38999938964844
40.20000076293945,40.46799850463867,37.03499984741211,37.66999816894531,4449500,37.66999816894531
38.45500183105469,40.099998474121094,37.029998779296875,39.650001525878906,4584000,39.650001525878906
41.04999923706055,42.13999938964844,40.029998779296875,40.11000061035156,4191500,40.11000061035156
39.11000061035156,40.810001373291016,38.854000091552734,39.959999084472656,3694400,39.959999084472656
40.279998779296875,40.720001220703125,37.63999938964844,39.52000045776367,5477800,39.52000045776367
40.060001373291016,44.54999923706055,39.75,44.470001220703125,5685400,44.470001220703125
44.45000076293945,44.90999984741211,43.176998138427734,44.04999923706055,3223700,44.04999923706055
45.43000030517578,46.400001525878906,42.84000015258789,42.970001220703125,3000700,42.970001220703125
42.529998779296875,42.779998779296875,40.119998931884766,40.27000045776367,4448300,40.27000045776367
39.29999923706055,39.68000030517578,37.63999938964844,38.29999923706055,7431700,38.29999923706055
38.29999923706055,38.95000076293945,37.369998931884766,38.529998779296875,6301700,38.529998779296875
37.5099983215332,42.369998931884766,36.630001068115234,42.2599983215332,5551500,42.2599983215332
42.09000015258789,43.150001525878906,40.20000076293945,40.31999969482422,3398100,40.31999969482422
41.189998626708984,42.119998931884766,40.82699966430664,41.529998779296875,2467400,41.529998779296875
41.0099983215332,41.150001525878906,39.29999923706055,39.59000015258789,3335200,39.59000015258789
38.85499954223633,39.084999084472656,36.959999084472656,38.209999084472656,3515500,38.209999084472656
38.11000061035156,40.01599884033203,38.09000015258789,38.720001220703125,4979800,38.720001220703125
37.119998931884766,38.59000015258789,36.40999984741211,38.13999938964844,3626700,38.13999938964844
37.11000061035156,37.45000076293945,35.099998474121094,35.38999938964844,5160200,35.38999938964844
35.93000030517578,38.08000183105469,35.375,37.650001525878906,4735700,37.650001525878906
38.20000076293945,39.84000015258789,38.20000076293945,38.599998474121094,2729400,38.599998474121094
39.56999969482422,42.224998474121094,39.45000076293945,41.790000915527344,4170000,41.790000915527344
40.45000076293945,44.31999969482422,40.38999938964844,44.25,4738200,44.25
43.79999923706055,44.209999084472656,42.98099899291992,44.08000183105469,2371900,44.08000183105469
44.400001525878906,44.77000045776367,41.98899841308594,42.650001525878906,2114200,42.650001525878906
42.66999816894531,42.8489990234375,41.38999938964844,42.18000030517578,2339500,42.18000030517578
41.5,41.66999816894531,39.689998626708984,40.29999923706055,3186900,40.29999923706055
41.88999938964844,44.0099983215332,41.560001373291016,43.869998931884766,3515900,43.869998931884766
43.93000030517578,44.900001525878906,42.7599983215332,44.88999938964844,2755000,44.88999938964844
44.43000030517578,45.86000061035156,43.470001220703125,45.689998626708984,2852600,45.689998626708984
45.189998626708984,46.779998779296875,44.119998931884766,46.040000915527344,3686400,46.040000915527344
45.599998474121094,49.27000045776367,45.16999816894531,49.16999816894531,5700400,49.16999816894531
48.70000076293945,50.599998474121094,48.349998474121094,49.2599983215332,5351100,49.2599983215332
49.68000030517578,50.970001220703125,47.90999984741211,48.18000030517578,3436200,48.18000030517578
46.939998626708984,49.33000183105469,46.779998779296875,47.66999816894531,2293500,47.66999816894531
48.40999984741211,51.599998474121094,48.33000183105469,49.029998779296875,3456500,49.029998779296875
48.5,48.52000045776367,46.02000045776367,46.099998474121094,3178400,46.099998474121094
48.5,50.33000183105469,47.87799835205078,48.400001525878906,6690800,48.400001525878906
49.61000061035156,50.619998931884766,48.529998779296875,49.33000183105469,2433200,49.33000183105469
49.93000030517578,51.400001525878906,49.16999816894531,51.369998931884766,2270600,51.369998931884766
50.86000061035156,51.8650016784668,50.540000915527344,51.40999984741211,2167700,51.40999984741211
51.0099983215332,52.68000030517578,50.119998931884766,52.04999923706055,2520900,52.04999923706055
50.650001525878906,50.650001525878906,48.779998779296875,49.189998626708984,2883400,49.189998626708984
49.27000045776367,49.40999984741211,48.279998779296875,49.15999984741211,1358800,49.15999984741211
48.029998779296875,48.448001861572266,46.0099983215332,46.709999084472656,2565700,46.709999084472656
45.290000915527344,45.290000915527344,43.7400016784668,44.63999938964844,2920500,44.63999938964844
45.15999984741211,46.4900016784668,44.90800094604492,45.66999816894531,2032800,45.66999816894531
45.290000915527344,47.2599983215332,45.290000915527344,45.9900016784668,1680200,45.9900016784668
46.380001068115234,47.529998779296875,46.04999923706055,46.849998474121094,1505100,46.849998474121094
46.880001068115234,47.27899932861328,44.29999923706055,44.310001373291016,2335800,44.310001373291016
43.48500061035156,44.7599983215332,43.470001220703125,44.13999938964844,1586200,44.13999938964844
44.7599983215332,45.40999984741211,42.45000076293945,43.209999084472656,2456100,43.209999084472656
43.849998474121094,44.59000015258789,42.869998931884766,43.119998931884766,2557800,43.119998931884766
42.060001373291016,42.599998474121094,40.70000076293945,42.5,3615000,42.5
43.08000183105469,43.599998474121094,41.68000030517578,42.599998474121094,2510900,42.599998474121094
43.279998779296875,43.720001220703125,41.20000076293945,43.599998474121094,3033300,43.599998474121094
43.61000061035156,45.53900146484375,43.560001373291016,45.27000045776367,4853300,45.27000045776367
44.5099983215332,46.220001220703125,43.88100051879883,46.18000030517578,2334600,46.18000030517578
46.79999923706055,48.42499923706055,46.619998931884766,48.33000183105469,2547500,48.33000183105469
48.970001220703125,49.93000030517578,48.68600082397461,49.880001068115234,2470200,49.880001068115234
46.95000076293945,47.85499954223633,45.5099983215332,45.58000183105469,4848400,45.58000183105469
45.470001220703125,46.349998474121094,44.15999984741211,46.2599983215332,4366800,46.2599983215332
46.040000915527344,48.775001525878906,45.91999816894531,46.650001525878906,3205000,46.650001525878906
45.310001373291016,46.1349983215332,44.40999984741211,45.08000183105469,4016800,45.08000183105469
44.40999984741211,46.775001525878906,44.400001525878906,46.43000030517578,2875600,46.43000030517578
45.7400016784668,46.20000076293945,44.349998474121094,45.16999816894531,2395700,45.16999816894531
45.16999816894531,45.34000015258789,41.52000045776367,41.540000915527344,3950500,41.540000915527344
41.29999923706055,41.33000183105469,36.970001220703125,37.619998931884766,7022900,37.619998931884766
36.880001068115234,37.11000061035156,34.18000030517578,35.369998931884766,6985300,35.369998931884766
35.43000030517578,36.94499969482422,33.72999954223633,33.77000045776367,5184700,33.77000045776367
34.540000915527344,35.06999969482422,32.724998474121094,32.939998626708984,6862300,32.939998626708984
32.91999816894531,34.83399963378906,32.599998474121094,34.5,5374400,34.5
33.77000045776367,33.77000045776367,31.450000762939453,32.41999816894531,5687000,32.41999816894531
31.790000915527344,33.349998474121094,31.3799991607666,32.2599983215332,6051400,32.2599983215332
32.279998779296875,34.7400016784668,31.309999465942383,34.150001525878906,5521000,34.150001525878906
35.724998474121094,38.86000061035156,35.689998626708984,38.04999923706055,7437400,38.04999923706055
36.900001525878906,38.92499923706055,35.63999938964844,38.52000045776367,4870400,38.52000045776367
38.540000915527344,39.849998474121094,37.90999984741211,38.619998931884766,3585800,38.619998931884766
37.439998626708984,38.13999938964844,36.70000076293945,37.279998779296875,3479500,37.279998779296875
37.33000183105469,37.52000045776367,35.1349983215332,35.380001068115234,6467500,35.380001068115234
35.34000015258789,36.04999923706055,33.84000015258789,35.189998626708984,4528800,35.189998626708984
35.09000015258789,36.31999969482422,34.310001373291016,36.11000061035156,3886500,36.11000061035156
34.349998474121094,36.595001220703125,32.70000076293945,36.349998474121094,5180500,36.349998474121094
36.86000061035156,37.54999923706055,35.10499954223633,35.33000183105469,3308900,35.33000183105469
36.810001373291016,37.97999954223633,36.5,37.650001525878906,4214900,37.650001525878906
39.540000915527344,40.0,38.25899887084961,38.86000061035156,5278100,38.86000061035156
38.0099983215332,38.880001068115234,36.779998779296875,37.310001373291016,3299000,37.310001373291016
37.310001373291016,39.52000045776367,37.310001373291016,37.40999984741211,3304900,37.40999984741211
37.08000183105469,39.79999923706055,36.52000045776367,39.61000061035156,5368500,39.61000061035156
39.529998779296875,41.650001525878906,39.279998779296875,41.41999816894531,5420500,41.41999816894531
41.40999984741211,43.29999923706055,41.36000061035156,42.4900016784668,5726800,42.4900016784668
42.209999084472656,44.88999938964844,41.994998931884766,42.529998779296875,7940900,42.529998779296875
43.130001068115234,44.25,41.310001373291016,41.5099983215332,3563400,41.5099983215332
41.33000183105469,44.130001068115234,40.7599983215332,44.099998474121094,4468900,44.099998474121094
44.560001373291016,44.91999816894531,43.220001220703125,43.72999954223633,4446200,43.72999954223633
45.25,45.76499938964844,43.88999938964844,44.38999938964844,4421500,44.38999938964844
47.279998779296875,47.880001068115234,43.845001220703125,44.08000183105469,8567500,44.08000183105469
43.529998779296875,44.189998626708984,41.5,43.02000045776367,6996800,43.02000045776367
44.36000061035156,45.220001220703125,41.779998779296875,42.63999938964844,5344700,42.63999938964844
42.90999984741211,44.33000183105469,41.599998474121094,44.06999969482422,3465800,44.06999969482422
44.790000915527344,45.470001220703125,43.54999923706055,44.650001525878906,3166100,44.650001525878906
43.560001373291016,43.880001068115234,42.65999984741211,42.959999084472656,3892800,42.959999084472656
46.2400016784668,51.130001068115234,46.2400016784668,50.619998931884766,7362900,50.619998931884766
51.25,53.130001068115234,50.43000030517578,52.119998931884766,4881500,52.119998931884766
51.400001525878906,52.52000045776367,49.810001373291016,51.5099983215332,4505800,51.5099983215332
53.09000015258789,54.93000030517578,52.720001220703125,54.29999923706055,3991600,54.29999923706055
53.27000045776367,53.279998779296875,50.63999938964844,50.72999954223633,3235900,50.72999954223633
48.970001220703125,49.915000915527344,47.8849983215332,49.7599983215332,3396200,49.7599983215332
51.220001220703125,51.86000061035156,48.65999984741211,49.97999954223633,3635400,49.97999954223633
48.810001373291016,50.279998779296875,47.7599983215332,48.56999969482422,2382400,48.56999969482422
48.709999084472656,49.400001525878906,48.0,49.18000030517578,3933500,49.18000030517578
49.0,49.439998626708984,48.45000076293945,49.150001525878906,7034600,49.150001525878906
48.70000076293945,49.709999084472656,48.40999984741211,49.68000030517578,2124700,49.68000030517578
49.22999954223633,49.939998626708984,48.06999969482422,48.70000076293945,3178500,48.70000076293945
48.93000030517578,49.619998931884766,48.630001068115234,48.869998931884766,1907400,48.869998931884766
48.900001525878906,50.959999084472656,48.220001220703125,50.810001373291016,3893700,50.810001373291016
51.04999923706055,52.630001068115234,50.93000030517578,51.84000015258789,2556200,51.84000015258789
50.38999938964844,51.709999084472656,49.7400016784668,51.380001068115234,2918500,51.380001068115234
51.36000061035156,51.599998474121094,49.71500015258789,49.790000915527344,2181200,49.790000915527344
50.119998931884766,50.189998626708984,47.849998474121094,48.709999084472656,2101200,48.709999084472656
48.08000183105469,49.31999969482422,47.67499923706055,49.15999984741211,2145300,49.15999984741211
50.380001068115234,50.65999984741211,49.130001068115234,50.2599983215332,1919800,50.2599983215332
49.720001220703125,50.279998779296875,49.220001220703125,49.34000015258789,2465800,49.34000015258789
49.02000045776367,50.31999969482422,48.29999923706055,50.27000045776367,2254300,50.27000045776367
54.290000915527344,55.5099983215332,51.869998931884766,52.54999923706055,3988400,52.54999923706055
50.56999969482422,51.31999969482422,49.220001220703125,49.689998626708984,3261500,49.689998626708984
48.68000030517578,48.95500183105469,47.290000915527344,48.279998779296875,4186500,48.279998779296875
47.290000915527344,47.97999954223633,46.65999984741211,47.2599983215332,3659800,47.2599983215332
47.209999084472656,47.22999954223633,44.744998931884766,45.040000915527344,4800800,45.040000915527344
44.79999923706055,45.880001068115234,44.5,45.040000915527344,1498900,45.040000915527344
45.5,46.2400016784668,44.82500076293945,44.90999984741211,2037700,44.90999984741211
44.290000915527344,44.43000030517578,41.02000045776367,42.59000015258789,4886000,42.59000015258789
42.45000076293945,43.14500045776367,42.0,43.09000015258789,1940600,43.09000015258789
42.790000915527344,43.220001220703125,41.72999954223633,41.75,2817000,41.75
41.52000045776367,41.93000030517578,39.88999938964844,39.9900016784668,2943600,39.9900016784668
40.220001220703125,41.689998626708984,39.70000076293945,41.439998626708984,8319600,41.439998626708984
40.47999954223633,41.73500061035156,40.15999984741211,41.599998474121094,2075700,41.599998474121094
42.93000030517578,43.290000915527344,41.40999984741211,42.2599983215332,3007400,42.2599983215332
43.25,45.459999084472656,42.779998779296875,45.38999938964844,2754500,45.38999938964844
44.91999816894531,45.18000030517578,42.45000076293945,42.470001220703125,3247900,42.470001220703125
42.959999084472656,44.529998779296875,41.630001068115234,44.11000061035156,3104900,44.11000061035156
44.939998626708984,44.939998626708984,43.279998779296875,43.5,2004600,43.5
42.849998474121094,45.33000183105469,42.779998779296875,45.29999923706055,2321800,45.29999923706055
45.2599983215332,46.0099983215332,45.130001068115234,45.83000183105469,2242000,45.83000183105469
46.25,47.47999954223633,45.310001373291016,47.209999084472656,2840200,47.209999084472656
46.61000061035156,48.540000915527344,46.599998474121094,48.369998931884766,1979000,48.369998931884766
48.02000045776367,48.95800018310547,47.790000915527344,48.279998779296875,1856300,48.279998779296875
49.2400016784668,49.69499969482422,46.86000061035156,47.16999816894531,2270900,47.16999816894531
46.25,46.43000030517578,45.369998931884766,45.52000045776367,1912800,45.52000045776367
45.81999969482422,47.61000061035156,45.45000076293945,47.52000045776367,2672500,47.52000045776367
49.060001373291016,50.93600082397461,48.5,50.34000015258789,5720300,50.34000015258789
50.58000183105469,52.47999954223633,50.22999954223633,51.09000015258789,3488200,51.09000015258789
49.959999084472656,51.88999938964844,49.314998626708984,51.849998474121094,2767100,51.849998474121094
52.630001068115234,53.470001220703125,51.099998474121094,52.529998779296875,3497400,52.529998779296875
52.68000030517578,53.619998931884766,52.09000015258789,52.40999984741211,2967600,52.40999984741211
51.599998474121094,52.310001373291016,50.5099983215332,50.619998931884766,3666500,50.619998931884766
51.220001220703125,52.37699890136719,50.88999938964844,52.060001373291016,2922200,52.060001373291016
51.75,53.82500076293945,51.0,53.439998626708984,3209000,53.439998626708984
54.70000076293945,55.400001525878906,52.9900016784668,53.75,3757700,53.75
52.439998626708984,56.75,52.02000045776367,54.9900016784668,4660700,54.9900016784668
53.13999938964844,54.345001220703125,52.720001220703125,53.5,2073800,53.5
53.290000915527344,55.290000915527344,52.847999572753906,54.900001525878906,1776200,54.900001525878906
54.72999954223633,54.83000183105469,53.23500061035156,53.7400016784668,1809100,53.7400016784668
55.06999969482422,56.540000915527344,53.43000030517578,53.619998931884766,3838800,53.619998931884766
52.810001373291016,53.119998931884766,51.52000045776367,52.16999816894531,3781800,52.16999816894531
52.19499969482422,52.96500015258789,51.849998474121094,52.91999816894531,2082400,52.91999816894531
52.599998474121094,54.06999969482422,51.689998626708984,53.290000915527344,2569400,53.290000915527344
53.09000015258789,53.900001525878906,52.56999969482422,53.88999938964844,2954200,53.88999938964844
52.52000045776367,53.22999954223633,51.930999755859375,52.18000030517578,3147600,52.18000030517578
52.029998779296875,53.18000030517578,51.709999084472656,52.79999923706055,3458600,52.79999923706055
51.93000030517578,52.41999816894531,50.220001220703125,51.220001220703125,3478700,51.220001220703125
51.689998626708984,54.310001373291016,51.06999969482422,53.9900016784668,5194400,53.9900016784668
54.220001220703125,54.779998779296875,51.72999954223633,52.529998779296875,3282700,52.529998779296875
51.060001373291016,51.060001373291016,49.369998931884766,50.029998779296875,3117400,50.029998779296875
50.90999984741211,51.86000061035156,50.244998931884766,50.470001220703125,2140900,50.470001220703125
50.400001525878906,51.5,50.279998779296875,50.7599983215332,2302700,50.7599983215332
50.459999084472656,52.20000076293945,50.459999084472656,51.29999923706055,1978900,51.29999923706055
50.720001220703125,52.310001373291016,50.01499938964844,52.2599983215332,2088900,52.2599983215332
52.650001525878906,54.779998779296875,52.150001525878906,54.43000030517578,3108600,54.43000030517578
54.93000030517578,55.45000076293945,52.7599983215332,52.9900016784668,3036900,52.9900016784668
52.77000045776367,53.779998779296875,52.099998474121094,52.68000030517578,4173000,52.68000030517578
52.90999984741211,53.380001068115234,52.08000183105469,53.349998474121094,1961100,53.349998474121094
53.0099983215332,53.59000015258789,49.16999816894531,49.310001373291016,3531000,49.310001373291016
48.540000915527344,48.849998474121094,46.16999816894531,47.310001373291016,4107100,47.310001373291016
46.099998474121094,46.2599983215332,43.689998626708984,45.59000015258789,4860200,45.59000015258789
46.7400016784668,47.540000915527344,45.66999816894531,45.9900016784668,3687400,45.9900016784668
44.040000915527344,44.720001220703125,42.95000076293945,44.33000183105469,4586600,44.33000183105469
43.75,45.45500183105469,43.2599983215332,44.709999084472656,3381600,44.709999084472656
43.84000015258789,44.09000015258789,41.79999923706055,43.189998626708984,5339300,43.189998626708984
43.459999084472656,44.83000183105469,43.095001220703125,43.470001220703125,3345400,43.470001220703125
44.43000030517578,45.43000030517578,44.29499816894531,44.45000076293945,3280300,44.45000076293945
44.47999954223633,44.81999969482422,42.84000015258789,42.88999938964844,3139500,42.88999938964844
43.09000015258789,44.040000915527344,41.439998626708984,42.09000015258789,2919500,42.09000015258789
41.54999923706055,42.59000015258789,40.86000061035156,42.400001525878906,2792300,42.400001525878906
43.47999954223633,43.93000030517578,42.31999969482422,43.54999923706055,3438500,43.54999923706055
43.41999816894531,44.31999969482422,43.36000061035156,43.7400016784668,1869500,43.7400016784668
44.709999084472656,45.31999969482422,44.224998474121094,45.18000030517578,2117300,45.18000030517578
45.95000076293945,47.04999923706055,45.70000076293945,46.869998931884766,2204600,46.869998931884766
47.43000030517578,48.89799880981445,47.349998474121094,48.810001373291016,2783800,48.810001373291016
48.880001068115234,49.439998626708984,48.13999938964844,49.279998779296875,2550500,49.279998779296875
49.66999816894531,49.810001373291016,47.38999938964844,48.84000015258789,2710300,48.84000015258789
48.25,48.435001373291016,45.33000183105469,45.81999969482422,3454000,45.81999969482422
45.790000915527344,45.981998443603516,44.3650016784668,45.290000915527344,2109800,45.290000915527344
44.83000183105469,45.77000045776367,44.29999923706055,45.470001220703125,2497800,45.470001220703125
45.84000015258789,46.553001403808594,45.650001525878906,45.91999816894531,1979600,45.91999816894531
46.849998474121094,46.849998474121094,43.97999954223633,44.119998931884766,2301900,44.119998931884766
44.939998626708984,45.0,44.20000076293945,44.33000183105469,1822900,44.33000183105469
44.41999816894531,44.880001068115234,42.93000030517578,43.529998779296875,1920300,43.529998779296875
43.619998931884766,44.36000061035156,43.52000045776367,44.349998474121094,2219400,44.349998474121094
44.84000015258789,45.20000076293945,44.0099983215332,44.4900016784668,1919400,44.4900016784668
43.84000015258789,45.47999954223633,43.81999969482422,44.869998931884766,1914500,44.869998931884766
44.65999984741211,45.07500076293945,43.4900016784668,43.7599983215332,2059800,43.7599983215332
43.84000015258789,44.35499954223633,43.290000915527344,44.04999923706055,2217500,44.04999923706055
43.95000076293945,44.36000061035156,43.15999984741211,43.83000183105469,2026500,43.83000183105469
43.83000183105469,43.95500183105469,42.15999984741211,42.220001220703125,1863000,42.220001220703125
42.290000915527344,42.68000030517578,41.209999084472656,41.380001068115234,2748700,41.380001068115234
41.939998626708984,43.6150016784668,41.55500030517578,43.40999984741211,3037400,43.40999984741211
43.43000030517578,45.54499816894531,43.220001220703125,45.290000915527344,2349100,45.290000915527344
45.540000915527344,46.880001068115234,45.43000030517578,46.5099983215332,3549300,46.5099983215332
46.5,46.77000045776367,44.02000045776367,44.58000183105469,4858800,44.58000183105469
45.5099983215332,46.650001525878906,43.529998779296875,44.02000045776367,5958800,44.02000045776367
43.7400016784668,44.2599983215332,42.5,43.36000061035156,4000100,43.36000061035156
44.630001068115234,45.44900131225586,44.3849983215332,44.68000030517578,3892200,44.68000030517578
44.880001068115234,45.52000045776367,44.150001525878906,45.27000045776367,2671900,45.27000045776367
45.400001525878906,46.08000183105469,44.63999938964844,45.41999816894531,2853700,45.41999816894531
46.099998474121094,46.45000076293945,43.41999816894531,44.65999984741211,3273000,44.65999984741211
44.290000915527344,44.369998931884766,43.27299880981445,43.599998474121094,2455400,43.599998474121094
43.66999816894531,43.7599983215332,42.4900016784668,42.66999816894531,2655300,42.66999816894531
42.7400016784668,44.439998626708984,42.54999923706055,44.439998626708984,2357500,44.439998626708984
43.75,43.79399871826172,41.36000061035156,41.380001068115234,3962500,41.380001068115234
41.7599983215332,44.060001373291016,41.689998626708984,43.40999984741211,2922300,43.40999984741211
43.34000015258789,44.959999084472656,43.19499969482422,44.810001373291016,2783000,44.810001373291016
44.84000015258789,45.05699920654297,43.290000915527344,43.790000915527344,2496300,43.790000915527344
44.02000045776367,45.084999084472656,43.70000076293945,44.63999938964844,1927400,44.63999938964844
44.29999923706055,44.72999954223633,42.20000076293945,42.25,2793300,42.25
41.689998626708984,42.040000915527344,40.95000076293945,41.689998626708984,2822600,41.689998626708984
42.2400016784668,42.290000915527344,40.81100082397461,41.400001525878906,2216200,41.400001525878906
41.869998931884766,42.349998474121094,41.34000015258789,42.150001525878906,2015900,42.150001525878906
42.65999984741211,43.43899917602539,41.01499938964844,41.209999084472656,2826900,41.209999084472656
40.86000061035156,41.2400016784668,40.189998626708984,41.0099983215332,3320600,41.0099983215332
40.7400016784668,42.165000915527344,40.08000183105469,41.65999984741211,2926200,41.65999984741211
42.4900016784668,44.9900016784668,42.31999969482422,44.86000061035156,3978600,44.86000061035156
44.880001068115234,46.2599983215332,44.459999084472656,46.25,3710600,46.25
46.0,48.59000015258789,45.959999084472656,48.2599983215332,4012300,48.2599983215332
48.58000183105469,49.36000061035156,47.880001068115234,48.61000061035156,4427400,48.61000061035156
48.209999084472656,48.994998931884766,47.689998626708984,48.54999923706055,2682600,48.54999923706055
48.7400016784668,49.91999816894531,47.97999954223633,48.5,2413200,48.5
48.97999954223633,50.400001525878906,48.709999084472656,49.72999954223633,3376400,49.72999954223633
50.36000061035156,50.79999923706055,50.060001373291016,50.20000076293945,2994300,50.20000076293945
50.540000915527344,50.959999084472656,48.599998474121094,49.189998626708984,2869800,49.189998626708984
50.29999923706055,50.77000045776367,49.83000183105469,50.220001220703125,3878400,50.220001220703125
50.47999954223633,50.47999954223633,48.38999938964844,48.84000015258789,3797200,48.84000015258789
48.279998779296875,49.290000915527344,47.689998626708984,49.189998626708984,1888000,49.189998626708984
48.689998626708984,49.22999954223633,48.060001373291016,48.43000030517578,1480200,48.43000030517578
48.27000045776367,48.279998779296875,46.25,46.400001525878906,2755400,46.400001525878906
45.220001220703125,45.595001220703125,44.810001373291016,45.209999084472656,4625700,45.209999084472656
